-180.00  -18.00
-180.00   51.00
-180.00   63.00
-180.00   66.00
-180.00   69.00
-177.00  -45.00
-177.00  -24.00
-177.00   51.00
-177.00   63.00
-177.00   66.00
-174.00  -21.00
-174.00  -15.00
-174.00   60.00
-174.00   63.00
-174.00   66.00
-171.00  -15.00
-171.00   51.00
-171.00   63.00
-171.00   66.00
-168.00   51.00
-168.00   57.00
-168.00   60.00
-168.00   63.00
-168.00   66.00
-165.00   54.00
-165.00   57.00
-165.00   60.00
-165.00   63.00
-165.00   66.00
-165.00   69.00
-162.00   21.00
-162.00   54.00
-162.00   57.00
-162.00   60.00
-162.00   63.00
-162.00   66.00
-162.00   69.00
-159.00   18.00
-159.00   21.00
-159.00   54.00
-159.00   57.00
-159.00   60.00
-159.00   63.00
-159.00   66.00
-159.00   69.00
-156.00   18.00
-156.00   54.00
-156.00   57.00
-156.00   60.00
-156.00   63.00
-156.00   66.00
-156.00   69.00
-153.00   57.00
-153.00   60.00
-153.00   63.00
-153.00   66.00
-153.00   69.00
-150.00   57.00
-150.00   60.00
-150.00   63.00
-150.00   66.00
-150.00   69.00
-147.00   60.00
-147.00   63.00
-147.00   66.00
-147.00   69.00
-144.00   57.00
-144.00   60.00
-144.00   63.00
-144.00   66.00
-144.00   69.00
-141.00   57.00
-141.00   60.00
-141.00   63.00
-141.00   66.00
-141.00   69.00
-138.00   54.00
-138.00   57.00
-138.00   60.00
-138.00   63.00
-138.00   66.00
-138.00   69.00
-135.00   51.00
-135.00   54.00
-135.00   57.00
-135.00   60.00
-135.00   63.00
-135.00   66.00
-135.00   69.00
-132.00   51.00
-132.00   54.00
-132.00   57.00
-132.00   60.00
-132.00   63.00
-132.00   66.00
-132.00   69.00
-129.00   48.00
-129.00   51.00
-129.00   54.00
-129.00   57.00
-129.00   60.00
-129.00   63.00
-129.00   66.00
-129.00   69.00
-126.00   36.00
-126.00   39.00
-126.00   42.00
-126.00   45.00
-126.00   48.00
-126.00   51.00
-126.00   54.00
-126.00   57.00
-126.00   60.00
-126.00   63.00
-126.00   66.00
-126.00   69.00
-126.00   72.00
-123.00   33.00
-123.00   36.00
-123.00   39.00
-123.00   42.00
-123.00   45.00
-123.00   48.00
-123.00   51.00
-123.00   54.00
-123.00   57.00
-123.00   60.00
-123.00   63.00
-123.00   66.00
-123.00   69.00
-123.00   72.00
-123.00   75.00
-120.00   30.00
-120.00   33.00
-120.00   36.00
-120.00   39.00
-120.00   42.00
-120.00   45.00
-120.00   48.00
-120.00   51.00
-120.00   54.00
-120.00   57.00
-120.00   60.00
-120.00   63.00
-120.00   66.00
-120.00   69.00
-120.00   72.00
-120.00   75.00
-117.00   27.00
-117.00   30.00
-117.00   33.00
-117.00   36.00
-117.00   39.00
-117.00   42.00
-117.00   45.00
-117.00   48.00
-117.00   51.00
-117.00   54.00
-117.00   57.00
-117.00   60.00
-117.00   63.00
-117.00   66.00
-117.00   69.00
-117.00   72.00
-117.00   75.00
-117.00   78.00
-114.00   24.00
-114.00   27.00
-114.00   30.00
-114.00   33.00
-114.00   36.00
-114.00   39.00
-114.00   42.00
-114.00   45.00
-114.00   48.00
-114.00   51.00
-114.00   54.00
-114.00   57.00
-114.00   60.00
-114.00   63.00
-114.00   66.00
-114.00   69.00
-114.00   72.00
-114.00   75.00
-114.00   78.00
-111.00   21.00
-111.00   24.00
-111.00   27.00
-111.00   30.00
-111.00   33.00
-111.00   36.00
-111.00   39.00
-111.00   42.00
-111.00   45.00
-111.00   48.00
-111.00   51.00
-111.00   54.00
-111.00   57.00
-111.00   60.00
-111.00   63.00
-111.00   66.00
-111.00   69.00
-111.00   72.00
-111.00   75.00
-111.00   78.00
-108.00   18.00
-108.00   21.00
-108.00   24.00
-108.00   27.00
-108.00   30.00
-108.00   33.00
-108.00   36.00
-108.00   39.00
-108.00   42.00
-108.00   45.00
-108.00   48.00
-108.00   51.00
-108.00   54.00
-108.00   57.00
-108.00   60.00
-108.00   63.00
-108.00   66.00
-108.00   69.00
-108.00   72.00
-108.00   75.00
-108.00   78.00
-105.00   15.00
-105.00   18.00
-105.00   21.00
-105.00   24.00
-105.00   27.00
-105.00   30.00
-105.00   33.00
-105.00   36.00
-105.00   39.00
-105.00   42.00
-105.00   45.00
-105.00   48.00
-105.00   51.00
-105.00   54.00
-105.00   57.00
-105.00   60.00
-105.00   63.00
-105.00   66.00
-105.00   69.00
-105.00   72.00
-105.00   75.00
-105.00   78.00
-102.00   15.00
-102.00   18.00
-102.00   21.00
-102.00   24.00
-102.00   27.00
-102.00   30.00
-102.00   33.00
-102.00   36.00
-102.00   39.00
-102.00   42.00
-102.00   45.00
-102.00   48.00
-102.00   51.00
-102.00   54.00
-102.00   57.00
-102.00   60.00
-102.00   63.00
-102.00   66.00
-102.00   69.00
-102.00   72.00
-102.00   75.00
-102.00   78.00
 -99.00   15.00
 -99.00   18.00
 -99.00   21.00
 -99.00   24.00
 -99.00   27.00
 -99.00   30.00
 -99.00   33.00
 -99.00   36.00
 -99.00   39.00
 -99.00   42.00
 -99.00   45.00
 -99.00   48.00
 -99.00   51.00
 -99.00   54.00
 -99.00   57.00
 -99.00   60.00
 -99.00   63.00
 -99.00   66.00
 -99.00   69.00
 -99.00   72.00
 -99.00   75.00
 -99.00   78.00
 -96.00   15.00
 -96.00   18.00
 -96.00   27.00
 -96.00   30.00
 -96.00   33.00
 -96.00   36.00
 -96.00   39.00
 -96.00   42.00
 -96.00   45.00
 -96.00   48.00
 -96.00   51.00
 -96.00   54.00
 -96.00   57.00
 -96.00   60.00
 -96.00   63.00
 -96.00   66.00
 -96.00   69.00
 -96.00   72.00
 -96.00   75.00
 -96.00   78.00
 -96.00   81.00
 -93.00   -3.00
 -93.00    0.00
 -93.00   12.00
 -93.00   15.00
 -93.00   18.00
 -93.00   21.00
 -93.00   27.00
 -93.00   30.00
 -93.00   33.00
 -93.00   36.00
 -93.00   39.00
 -93.00   42.00
 -93.00   45.00
 -93.00   48.00
 -93.00   51.00
 -93.00   54.00
 -93.00   57.00
 -93.00   60.00
 -93.00   63.00
 -93.00   66.00
 -93.00   69.00
 -93.00   72.00
 -93.00   75.00
 -93.00   78.00
 -93.00   81.00
 -90.00   -3.00
 -90.00   12.00
 -90.00   15.00
 -90.00   18.00
 -90.00   21.00
 -90.00   27.00
 -90.00   30.00
 -90.00   33.00
 -90.00   36.00
 -90.00   39.00
 -90.00   42.00
 -90.00   45.00
 -90.00   48.00
 -90.00   51.00
 -90.00   54.00
 -90.00   63.00
 -90.00   66.00
 -90.00   69.00
 -90.00   72.00
 -90.00   75.00
 -90.00   78.00
 -90.00   81.00
 -87.00    9.00
 -87.00   12.00
 -87.00   15.00
 -87.00   18.00
 -87.00   21.00
 -87.00   27.00
 -87.00   30.00
 -87.00   33.00
 -87.00   36.00
 -87.00   39.00
 -87.00   42.00
 -87.00   45.00
 -87.00   48.00
 -87.00   51.00
 -87.00   54.00
 -87.00   63.00
 -87.00   66.00
 -87.00   69.00
 -87.00   72.00
 -87.00   75.00
 -87.00   78.00
 -87.00   81.00
 -84.00   -9.00
 -84.00   -6.00
 -84.00    6.00
 -84.00    9.00
 -84.00   12.00
 -84.00   15.00
 -84.00   21.00
 -84.00   24.00
 -84.00   27.00
 -84.00   30.00
 -84.00   33.00
 -84.00   36.00
 -84.00   39.00
 -84.00   42.00
 -84.00   45.00
 -84.00   48.00
 -84.00   51.00
 -84.00   54.00
 -84.00   60.00
 -84.00   63.00
 -84.00   66.00
 -84.00   69.00
 -84.00   72.00
 -84.00   75.00
 -84.00   78.00
 -84.00   81.00
 -81.00  -12.00
 -81.00   -9.00
 -81.00   -6.00
 -81.00   -3.00
 -81.00    0.00
 -81.00    6.00
 -81.00    9.00
 -81.00   18.00
 -81.00   21.00
 -81.00   24.00
 -81.00   27.00
 -81.00   30.00
 -81.00   33.00
 -81.00   36.00
 -81.00   39.00
 -81.00   42.00
 -81.00   45.00
 -81.00   48.00
 -81.00   51.00
 -81.00   54.00
 -81.00   57.00
 -81.00   60.00
 -81.00   63.00
 -81.00   66.00
 -81.00   69.00
 -81.00   72.00
 -81.00   75.00
 -81.00   78.00
 -81.00   81.00
 -78.00  -54.00
 -78.00  -51.00
 -78.00  -48.00
 -78.00  -18.00
 -78.00  -15.00
 -78.00  -12.00
 -78.00   -9.00
 -78.00   -6.00
 -78.00   -3.00
 -78.00    0.00
 -78.00    3.00
 -78.00    6.00
 -78.00    9.00
 -78.00   15.00
 -78.00   18.00
 -78.00   21.00
 -78.00   24.00
 -78.00   33.00
 -78.00   36.00
 -78.00   39.00
 -78.00   42.00
 -78.00   45.00
 -78.00   48.00
 -78.00   51.00
 -78.00   54.00
 -78.00   57.00
 -78.00   60.00
 -78.00   63.00
 -78.00   66.00
 -78.00   69.00
 -78.00   72.00
 -78.00   75.00
 -78.00   78.00
 -78.00   81.00
 -75.00  -57.00
 -75.00  -54.00
 -75.00  -51.00
 -75.00  -48.00
 -75.00  -45.00
 -75.00  -42.00
 -75.00  -39.00
 -75.00  -36.00
 -75.00  -18.00
 -75.00  -15.00
 -75.00  -12.00
 -75.00   -9.00
 -75.00   -6.00
 -75.00   -3.00
 -75.00    0.00
 -75.00    3.00
 -75.00    6.00
 -75.00    9.00
 -75.00   12.00
 -75.00   18.00
 -75.00   21.00
 -75.00   24.00
 -75.00   36.00
 -75.00   39.00
 -75.00   42.00
 -75.00   45.00
 -75.00   48.00
 -75.00   51.00
 -75.00   54.00
 -75.00   57.00
 -75.00   60.00
 -75.00   63.00
 -75.00   66.00
 -75.00   69.00
 -75.00   72.00
 -75.00   75.00
 -75.00   78.00
 -75.00   81.00
 -72.00  -57.00
 -72.00  -54.00
 -72.00  -51.00
 -72.00  -48.00
 -72.00  -45.00
 -72.00  -42.00
 -72.00  -39.00
 -72.00  -36.00
 -72.00  -33.00
 -72.00  -30.00
 -72.00  -27.00
 -72.00  -24.00
 -72.00  -21.00
 -72.00  -18.00
 -72.00  -15.00
 -72.00  -12.00
 -72.00   -9.00
 -72.00   -6.00
 -72.00   -3.00
 -72.00    0.00
 -72.00    3.00
 -72.00    6.00
 -72.00    9.00
 -72.00   12.00
 -72.00   15.00
 -72.00   18.00
 -72.00   21.00
 -72.00   39.00
 -72.00   42.00
 -72.00   45.00
 -72.00   48.00
 -72.00   51.00
 -72.00   54.00
 -72.00   57.00
 -72.00   60.00
 -72.00   63.00
 -72.00   66.00
 -72.00   69.00
 -72.00   75.00
 -72.00   78.00
 -72.00   81.00
 -69.00  -57.00
 -69.00  -54.00
 -69.00  -51.00
 -69.00  -48.00
 -69.00  -45.00
 -69.00  -42.00
 -69.00  -39.00
 -69.00  -36.00
 -69.00  -33.00
 -69.00  -30.00
 -69.00  -27.00
 -69.00  -24.00
 -69.00  -21.00
 -69.00  -18.00
 -69.00  -15.00
 -69.00  -12.00
 -69.00   -9.00
 -69.00   -6.00
 -69.00   -3.00
 -69.00    0.00
 -69.00    3.00
 -69.00    6.00
 -69.00    9.00
 -69.00   12.00
 -69.00   15.00
 -69.00   18.00
 -69.00   42.00
 -69.00   45.00
 -69.00   48.00
 -69.00   51.00
 -69.00   54.00
 -69.00   57.00
 -69.00   60.00
 -69.00   63.00
 -69.00   66.00
 -69.00   69.00
 -69.00   75.00
 -69.00   78.00
 -69.00   81.00
 -66.00  -57.00
 -66.00  -51.00
 -66.00  -48.00
 -66.00  -45.00
 -66.00  -42.00
 -66.00  -39.00
 -66.00  -36.00
 -66.00  -33.00
 -66.00  -30.00
 -66.00  -27.00
 -66.00  -24.00
 -66.00  -21.00
 -66.00  -18.00
 -66.00  -15.00
 -66.00  -12.00
 -66.00   -9.00
 -66.00   -6.00
 -66.00   -3.00
 -66.00    0.00
 -66.00    3.00
 -66.00    6.00
 -66.00    9.00
 -66.00   15.00
 -66.00   18.00
 -66.00   42.00
 -66.00   45.00
 -66.00   48.00
 -66.00   51.00
 -66.00   54.00
 -66.00   57.00
 -66.00   60.00
 -66.00   63.00
 -66.00   66.00
 -66.00   75.00
 -66.00   78.00
 -66.00   81.00
 -63.00  -54.00
 -63.00  -42.00
 -63.00  -39.00
 -63.00  -36.00
 -63.00  -33.00
 -63.00  -30.00
 -63.00  -27.00
 -63.00  -24.00
 -63.00  -21.00
 -63.00  -18.00
 -63.00  -15.00
 -63.00  -12.00
 -63.00   -9.00
 -63.00   -6.00
 -63.00   -3.00
 -63.00    0.00
 -63.00    3.00
 -63.00    6.00
 -63.00    9.00
 -63.00   12.00
 -63.00   15.00
 -63.00   42.00
 -63.00   45.00
 -63.00   48.00
 -63.00   51.00
 -63.00   54.00
 -63.00   57.00
 -63.00   63.00
 -63.00   66.00
 -63.00   75.00
 -63.00   78.00
 -63.00   81.00
 -60.00  -54.00
 -60.00  -39.00
 -60.00  -36.00
 -60.00  -33.00
 -60.00  -30.00
 -60.00  -27.00
 -60.00  -24.00
 -60.00  -21.00
 -60.00  -18.00
 -60.00  -15.00
 -60.00  -12.00
 -60.00   -9.00
 -60.00   -6.00
 -60.00   -3.00
 -60.00    0.00
 -60.00    3.00
 -60.00    6.00
 -60.00   12.00
 -60.00   45.00
 -60.00   48.00
 -60.00   51.00
 -60.00   54.00
 -60.00   75.00
 -60.00   78.00
 -60.00   81.00
 -57.00  -39.00
 -57.00  -36.00
 -57.00  -33.00
 -57.00  -30.00
 -57.00  -27.00
 -57.00  -24.00
 -57.00  -21.00
 -57.00  -18.00
 -57.00  -15.00
 -57.00  -12.00
 -57.00   -9.00
 -57.00   -6.00
 -57.00   -3.00
 -57.00    0.00
 -57.00    3.00
 -57.00   45.00
 -57.00   48.00
 -57.00   51.00
 -57.00   69.00
 -57.00   72.00
 -57.00   78.00
 -57.00   81.00
 -54.00  -36.00
 -54.00  -33.00
 -54.00  -30.00
 -54.00  -27.00
 -54.00  -24.00
 -54.00  -21.00
 -54.00  -18.00
 -54.00  -15.00
 -54.00  -12.00
 -54.00   -9.00
 -54.00   -6.00
 -54.00   -3.00
 -54.00    0.00
 -54.00    3.00
 -54.00   45.00
 -54.00   48.00
 -54.00   63.00
 -54.00   66.00
 -54.00   69.00
 -54.00   72.00
 -54.00   78.00
 -54.00   81.00
 -51.00  -33.00
 -51.00  -30.00
 -51.00  -27.00
 -51.00  -24.00
 -51.00  -21.00
 -51.00  -18.00
 -51.00  -15.00
 -51.00  -12.00
 -51.00   -9.00
 -51.00   -6.00
 -51.00   -3.00
 -51.00    0.00
 -51.00   60.00
 -51.00   63.00
 -51.00   66.00
 -51.00   69.00
 -51.00   78.00
 -51.00   81.00
 -48.00  -27.00
 -48.00  -24.00
 -48.00  -21.00
 -48.00  -18.00
 -48.00  -15.00
 -48.00  -12.00
 -48.00   -9.00
 -48.00   -6.00
 -48.00   -3.00
 -48.00   60.00
 -48.00   63.00
 -48.00   66.00
 -48.00   78.00
 -48.00   81.00
 -45.00  -24.00
 -45.00  -21.00
 -45.00  -18.00
 -45.00  -15.00
 -45.00  -12.00
 -45.00   -9.00
 -45.00   -6.00
 -45.00   -3.00
 -45.00   60.00
 -45.00   63.00
 -45.00   78.00
 -45.00   81.00
 -42.00  -24.00
 -42.00  -21.00
 -42.00  -18.00
 -42.00  -15.00
 -42.00  -12.00
 -42.00   -9.00
 -42.00   -6.00
 -42.00   -3.00
 -42.00   63.00
 -42.00   66.00
 -42.00   81.00
 -39.00  -18.00
 -39.00  -15.00
 -39.00  -12.00
 -39.00   -9.00
 -39.00   -6.00
 -39.00   66.00
 -39.00   81.00
 -36.00  -12.00
 -36.00   -9.00
 -36.00   -6.00
 -36.00   66.00
 -36.00   78.00
 -36.00   81.00
 -33.00   66.00
 -33.00   69.00
 -33.00   78.00
 -33.00   81.00
 -30.00   66.00
 -30.00   69.00
 -30.00   72.00
 -30.00   78.00
 -30.00   81.00
 -27.00   12.00
 -27.00   15.00
 -27.00   63.00
 -27.00   69.00
 -27.00   72.00
 -27.00   75.00
 -27.00   78.00
 -27.00   81.00
 -24.00   12.00
 -24.00   15.00
 -24.00   63.00
 -24.00   66.00
 -24.00   69.00
 -24.00   72.00
 -24.00   75.00
 -24.00   78.00
 -24.00   81.00
 -21.00   27.00
 -21.00   63.00
 -21.00   66.00
 -21.00   72.00
 -21.00   75.00
 -21.00   78.00
 -21.00   81.00
 -18.00    9.00
 -18.00   12.00
 -18.00   15.00
 -18.00   18.00
 -18.00   21.00
 -18.00   24.00
 -18.00   27.00
 -18.00   30.00
 -18.00   63.00
 -18.00   66.00
 -18.00   78.00
 -18.00   81.00
 -15.00    6.00
 -15.00    9.00
 -15.00   12.00
 -15.00   15.00
 -15.00   18.00
 -15.00   21.00
 -15.00   24.00
 -15.00   27.00
 -15.00   63.00
 -15.00   66.00
 -15.00   81.00
 -12.00    3.00
 -12.00    6.00
 -12.00    9.00
 -12.00   12.00
 -12.00   15.00
 -12.00   18.00
 -12.00   21.00
 -12.00   24.00
 -12.00   27.00
 -12.00   30.00
 -12.00   36.00
 -12.00   39.00
 -12.00   42.00
 -12.00   51.00
 -12.00   54.00
  -9.00    3.00
  -9.00    6.00
  -9.00    9.00
  -9.00   12.00
  -9.00   15.00
  -9.00   18.00
  -9.00   21.00
  -9.00   24.00
  -9.00   27.00
  -9.00   30.00
  -9.00   33.00
  -9.00   36.00
  -9.00   39.00
  -9.00   42.00
  -9.00   51.00
  -9.00   54.00
  -9.00   57.00
  -9.00   60.00
  -6.00    3.00
  -6.00    6.00
  -6.00    9.00
  -6.00   12.00
  -6.00   15.00
  -6.00   18.00
  -6.00   21.00
  -6.00   24.00
  -6.00   27.00
  -6.00   30.00
  -6.00   33.00
  -6.00   36.00
  -6.00   39.00
  -6.00   42.00
  -6.00   45.00
  -6.00   48.00
  -6.00   51.00
  -6.00   54.00
  -6.00   57.00
  -3.00    3.00
  -3.00    6.00
  -3.00    9.00
  -3.00   12.00
  -3.00   15.00
  -3.00   18.00
  -3.00   21.00
  -3.00   24.00
  -3.00   27.00
  -3.00   30.00
  -3.00   33.00
  -3.00   36.00
  -3.00   39.00
  -3.00   42.00
  -3.00   45.00
  -3.00   48.00
  -3.00   51.00
  -3.00   54.00
  -3.00   57.00
  -3.00   60.00
   0.00    3.00
   0.00    6.00
   0.00    9.00
   0.00   12.00
   0.00   15.00
   0.00   18.00
   0.00   21.00
   0.00   24.00
   0.00   27.00
   0.00   30.00
   0.00   33.00
   0.00   36.00
   0.00   39.00
   0.00   42.00
   0.00   45.00
   0.00   48.00
   0.00   51.00
   3.00    3.00
   3.00    6.00
   3.00    9.00
   3.00   12.00
   3.00   15.00
   3.00   18.00
   3.00   21.00
   3.00   24.00
   3.00   27.00
   3.00   30.00
   3.00   33.00
   3.00   36.00
   3.00   39.00
   3.00   42.00
   3.00   45.00
   3.00   48.00
   3.00   51.00
   3.00   57.00
   3.00   60.00
   6.00   -3.00
   6.00    0.00
   6.00    3.00
   6.00    6.00
   6.00    9.00
   6.00   12.00
   6.00   15.00
   6.00   18.00
   6.00   21.00
   6.00   24.00
   6.00   27.00
   6.00   30.00
   6.00   33.00
   6.00   36.00
   6.00   39.00
   6.00   42.00
   6.00   45.00
   6.00   48.00
   6.00   51.00
   6.00   54.00
   6.00   57.00
   6.00   60.00
   6.00   63.00
   9.00  -21.00
   9.00  -18.00
   9.00   -6.00
   9.00   -3.00
   9.00    0.00
   9.00    3.00
   9.00    6.00
   9.00    9.00
   9.00   12.00
   9.00   15.00
   9.00   18.00
   9.00   21.00
   9.00   24.00
   9.00   27.00
   9.00   30.00
   9.00   33.00
   9.00   36.00
   9.00   39.00
   9.00   42.00
   9.00   45.00
   9.00   48.00
   9.00   51.00
   9.00   54.00
   9.00   57.00
   9.00   60.00
   9.00   63.00
   9.00   78.00
  12.00  -27.00
  12.00  -24.00
  12.00  -21.00
  12.00  -18.00
  12.00  -15.00
  12.00  -12.00
  12.00   -9.00
  12.00   -6.00
  12.00   -3.00
  12.00    0.00
  12.00    3.00
  12.00    6.00
  12.00    9.00
  12.00   12.00
  12.00   15.00
  12.00   18.00
  12.00   21.00
  12.00   24.00
  12.00   27.00
  12.00   30.00
  12.00   33.00
  12.00   36.00
  12.00   39.00
  12.00   42.00
  12.00   45.00
  12.00   48.00
  12.00   51.00
  12.00   54.00
  12.00   57.00
  12.00   60.00
  12.00   63.00
  12.00   66.00
  12.00   78.00
  15.00  -33.00
  15.00  -30.00
  15.00  -27.00
  15.00  -24.00
  15.00  -21.00
  15.00  -18.00
  15.00  -15.00
  15.00  -12.00
  15.00   -9.00
  15.00   -6.00
  15.00   -3.00
  15.00    0.00
  15.00    3.00
  15.00    6.00
  15.00    9.00
  15.00   12.00
  15.00   15.00
  15.00   18.00
  15.00   21.00
  15.00   24.00
  15.00   27.00
  15.00   30.00
  15.00   36.00
  15.00   39.00
  15.00   42.00
  15.00   45.00
  15.00   48.00
  15.00   51.00
  15.00   54.00
  15.00   57.00
  15.00   60.00
  15.00   63.00
  15.00   66.00
  15.00   69.00
  15.00   75.00
  15.00   78.00
  18.00  -36.00
  18.00  -33.00
  18.00  -30.00
  18.00  -27.00
  18.00  -24.00
  18.00  -21.00
  18.00  -18.00
  18.00  -15.00
  18.00  -12.00
  18.00   -9.00
  18.00   -6.00
  18.00   -3.00
  18.00    0.00
  18.00    3.00
  18.00    6.00
  18.00    9.00
  18.00   12.00
  18.00   15.00
  18.00   18.00
  18.00   21.00
  18.00   24.00
  18.00   27.00
  18.00   30.00
  18.00   36.00
  18.00   39.00
  18.00   42.00
  18.00   45.00
  18.00   48.00
  18.00   51.00
  18.00   54.00
  18.00   57.00
  18.00   60.00
  18.00   63.00
  18.00   66.00
  18.00   69.00
  18.00   78.00
  21.00  -36.00
  21.00  -33.00
  21.00  -30.00
  21.00  -27.00
  21.00  -24.00
  21.00  -21.00
  21.00  -18.00
  21.00  -15.00
  21.00  -12.00
  21.00   -9.00
  21.00   -6.00
  21.00   -3.00
  21.00    0.00
  21.00    3.00
  21.00    6.00
  21.00    9.00
  21.00   12.00
  21.00   15.00
  21.00   18.00
  21.00   21.00
  21.00   24.00
  21.00   27.00
  21.00   30.00
  21.00   33.00
  21.00   36.00
  21.00   39.00
  21.00   42.00
  21.00   45.00
  21.00   48.00
  21.00   51.00
  21.00   54.00
  21.00   57.00
  21.00   60.00
  21.00   63.00
  21.00   66.00
  21.00   69.00
  21.00   78.00
  24.00  -36.00
  24.00  -33.00
  24.00  -30.00
  24.00  -27.00
  24.00  -24.00
  24.00  -21.00
  24.00  -18.00
  24.00  -15.00
  24.00  -12.00
  24.00   -9.00
  24.00   -6.00
  24.00   -3.00
  24.00    0.00
  24.00    3.00
  24.00    6.00
  24.00    9.00
  24.00   12.00
  24.00   15.00
  24.00   18.00
  24.00   21.00
  24.00   24.00
  24.00   27.00
  24.00   30.00
  24.00   33.00
  24.00   36.00
  24.00   39.00
  24.00   42.00
  24.00   45.00
  24.00   48.00
  24.00   51.00
  24.00   54.00
  24.00   57.00
  24.00   60.00
  24.00   63.00
  24.00   66.00
  24.00   69.00
  24.00   78.00
  27.00  -36.00
  27.00  -33.00
  27.00  -30.00
  27.00  -27.00
  27.00  -24.00
  27.00  -21.00
  27.00  -18.00
  27.00  -15.00
  27.00  -12.00
  27.00   -9.00
  27.00   -6.00
  27.00   -3.00
  27.00    0.00
  27.00    3.00
  27.00    6.00
  27.00    9.00
  27.00   12.00
  27.00   15.00
  27.00   18.00
  27.00   21.00
  27.00   24.00
  27.00   27.00
  27.00   30.00
  27.00   33.00
  27.00   36.00
  27.00   39.00
  27.00   42.00
  27.00   45.00
  27.00   48.00
  27.00   51.00
  27.00   54.00
  27.00   57.00
  27.00   60.00
  27.00   63.00
  27.00   66.00
  27.00   69.00
  30.00  -33.00
  30.00  -30.00
  30.00  -27.00
  30.00  -24.00
  30.00  -21.00
  30.00  -18.00
  30.00  -15.00
  30.00  -12.00
  30.00   -9.00
  30.00   -6.00
  30.00   -3.00
  30.00    0.00
  30.00    3.00
  30.00    6.00
  30.00    9.00
  30.00   12.00
  30.00   15.00
  30.00   18.00
  30.00   21.00
  30.00   24.00
  30.00   27.00
  30.00   30.00
  30.00   33.00
  30.00   36.00
  30.00   39.00
  30.00   45.00
  30.00   48.00
  30.00   51.00
  30.00   54.00
  30.00   57.00
  30.00   60.00
  30.00   63.00
  30.00   66.00
  30.00   69.00
  33.00  -27.00
  33.00  -24.00
  33.00  -21.00
  33.00  -18.00
  33.00  -15.00
  33.00  -12.00
  33.00   -9.00
  33.00   -6.00
  33.00   -3.00
  33.00    0.00
  33.00    3.00
  33.00    6.00
  33.00    9.00
  33.00   12.00
  33.00   15.00
  33.00   18.00
  33.00   21.00
  33.00   24.00
  33.00   27.00
  33.00   30.00
  33.00   33.00
  33.00   36.00
  33.00   39.00
  33.00   42.00
  33.00   45.00
  33.00   48.00
  33.00   51.00
  33.00   54.00
  33.00   57.00
  33.00   60.00
  33.00   63.00
  33.00   66.00
  33.00   69.00
  36.00  -21.00
  36.00  -18.00
  36.00  -15.00
  36.00  -12.00
  36.00   -9.00
  36.00   -6.00
  36.00   -3.00
  36.00    0.00
  36.00    3.00
  36.00    6.00
  36.00    9.00
  36.00   12.00
  36.00   15.00
  36.00   18.00
  36.00   21.00
  36.00   24.00
  36.00   27.00
  36.00   30.00
  36.00   33.00
  36.00   36.00
  36.00   39.00
  36.00   42.00
  36.00   45.00
  36.00   48.00
  36.00   51.00
  36.00   54.00
  36.00   57.00
  36.00   60.00
  36.00   63.00
  36.00   66.00
  36.00   69.00
  39.00  -18.00
  39.00  -15.00
  39.00  -12.00
  39.00   -9.00
  39.00   -6.00
  39.00   -3.00
  39.00    0.00
  39.00    3.00
  39.00    6.00
  39.00    9.00
  39.00   12.00
  39.00   15.00
  39.00   18.00
  39.00   21.00
  39.00   24.00
  39.00   27.00
  39.00   30.00
  39.00   33.00
  39.00   36.00
  39.00   39.00
  39.00   42.00
  39.00   45.00
  39.00   48.00
  39.00   51.00
  39.00   54.00
  39.00   57.00
  39.00   60.00
  39.00   63.00
  39.00   66.00
  42.00  -27.00
  42.00  -24.00
  42.00  -21.00
  42.00  -18.00
  42.00  -15.00
  42.00  -12.00
  42.00   -3.00
  42.00    0.00
  42.00    3.00
  42.00    6.00
  42.00    9.00
  42.00   12.00
  42.00   15.00
  42.00   18.00
  42.00   21.00
  42.00   24.00
  42.00   27.00
  42.00   30.00
  42.00   33.00
  42.00   36.00
  42.00   39.00
  42.00   42.00
  42.00   45.00
  42.00   48.00
  42.00   51.00
  42.00   54.00
  42.00   57.00
  42.00   60.00
  42.00   63.00
  42.00   66.00
  45.00  -27.00
  45.00  -24.00
  45.00  -21.00
  45.00  -18.00
  45.00  -15.00
  45.00    0.00
  45.00    3.00
  45.00    6.00
  45.00    9.00
  45.00   12.00
  45.00   15.00
  45.00   18.00
  45.00   21.00
  45.00   24.00
  45.00   27.00
  45.00   30.00
  45.00   33.00
  45.00   36.00
  45.00   39.00
  45.00   42.00
  45.00   45.00
  45.00   48.00
  45.00   51.00
  45.00   54.00
  45.00   57.00
  45.00   60.00
  45.00   63.00
  45.00   66.00
  48.00  -24.00
  48.00  -21.00
  48.00  -18.00
  48.00  -15.00
  48.00    3.00
  48.00    6.00
  48.00    9.00
  48.00   12.00
  48.00   15.00
  48.00   18.00
  48.00   21.00
  48.00   24.00
  48.00   27.00
  48.00   30.00
  48.00   33.00
  48.00   36.00
  48.00   39.00
  48.00   42.00
  48.00   45.00
  48.00   48.00
  48.00   51.00
  48.00   54.00
  48.00   57.00
  48.00   60.00
  48.00   63.00
  48.00   66.00
  48.00   69.00
  51.00    9.00
  51.00   12.00
  51.00   15.00
  51.00   18.00
  51.00   21.00
  51.00   24.00
  51.00   27.00
  51.00   30.00
  51.00   33.00
  51.00   36.00
  51.00   39.00
  51.00   42.00
  51.00   45.00
  51.00   48.00
  51.00   51.00
  51.00   54.00
  51.00   57.00
  51.00   60.00
  51.00   63.00
  51.00   66.00
  51.00   69.00
  51.00   72.00
  54.00  -24.00
  54.00  -21.00
  54.00   12.00
  54.00   15.00
  54.00   18.00
  54.00   21.00
  54.00   24.00
  54.00   27.00
  54.00   30.00
  54.00   33.00
  54.00   36.00
  54.00   39.00
  54.00   42.00
  54.00   45.00
  54.00   48.00
  54.00   51.00
  54.00   54.00
  54.00   57.00
  54.00   60.00
  54.00   63.00
  54.00   66.00
  54.00   69.00
  54.00   72.00
  54.00   75.00
  57.00  -21.00
  57.00   18.00
  57.00   21.00
  57.00   24.00
  57.00   27.00
  57.00   30.00
  57.00   33.00
  57.00   36.00
  57.00   39.00
  57.00   42.00
  57.00   45.00
  57.00   48.00
  57.00   51.00
  57.00   54.00
  57.00   57.00
  57.00   60.00
  57.00   63.00
  57.00   66.00
  57.00   69.00
  57.00   72.00
  57.00   75.00
  60.00   24.00
  60.00   27.00
  60.00   30.00
  60.00   33.00
  60.00   36.00
  60.00   39.00
  60.00   42.00
  60.00   45.00
  60.00   48.00
  60.00   51.00
  60.00   54.00
  60.00   57.00
  60.00   60.00
  60.00   63.00
  60.00   66.00
  60.00   69.00
  60.00   72.00
  60.00   75.00
  63.00   24.00
  63.00   27.00
  63.00   30.00
  63.00   33.00
  63.00   36.00
  63.00   39.00
  63.00   42.00
  63.00   45.00
  63.00   48.00
  63.00   51.00
  63.00   54.00
  63.00   57.00
  63.00   60.00
  63.00   63.00
  63.00   66.00
  63.00   69.00
  63.00   75.00
  66.00   21.00
  66.00   24.00
  66.00   27.00
  66.00   30.00
  66.00   33.00
  66.00   36.00
  66.00   39.00
  66.00   42.00
  66.00   45.00
  66.00   48.00
  66.00   51.00
  66.00   54.00
  66.00   57.00
  66.00   60.00
  66.00   63.00
  66.00   66.00
  66.00   69.00
  66.00   72.00
  66.00   75.00
  69.00   18.00
  69.00   21.00
  69.00   24.00
  69.00   27.00
  69.00   30.00
  69.00   33.00
  69.00   36.00
  69.00   39.00
  69.00   42.00
  69.00   45.00
  69.00   48.00
  69.00   51.00
  69.00   54.00
  69.00   57.00
  69.00   60.00
  69.00   63.00
  69.00   66.00
  69.00   69.00
  69.00   72.00
  72.00   12.00
  72.00   15.00
  72.00   18.00
  72.00   21.00
  72.00   24.00
  72.00   27.00
  72.00   30.00
  72.00   33.00
  72.00   36.00
  72.00   39.00
  72.00   42.00
  72.00   45.00
  72.00   48.00
  72.00   51.00
  72.00   54.00
  72.00   57.00
  72.00   60.00
  72.00   63.00
  72.00   66.00
  72.00   69.00
  72.00   72.00
  75.00    6.00
  75.00    9.00
  75.00   12.00
  75.00   15.00
  75.00   18.00
  75.00   21.00
  75.00   24.00
  75.00   27.00
  75.00   30.00
  75.00   33.00
  75.00   36.00
  75.00   39.00
  75.00   42.00
  75.00   45.00
  75.00   48.00
  75.00   51.00
  75.00   54.00
  75.00   57.00
  75.00   60.00
  75.00   63.00
  75.00   66.00
  75.00   69.00
  75.00   72.00
  78.00    6.00
  78.00    9.00
  78.00   12.00
  78.00   15.00
  78.00   18.00
  78.00   21.00
  78.00   24.00
  78.00   27.00
  78.00   30.00
  78.00   33.00
  78.00   36.00
  78.00   39.00
  78.00   42.00
  78.00   45.00
  78.00   48.00
  78.00   51.00
  78.00   54.00
  78.00   57.00
  78.00   60.00
  78.00   63.00
  78.00   66.00
  78.00   69.00
  78.00   72.00
  81.00    6.00
  81.00   15.00
  81.00   18.00
  81.00   21.00
  81.00   24.00
  81.00   27.00
  81.00   30.00
  81.00   33.00
  81.00   36.00
  81.00   39.00
  81.00   42.00
  81.00   45.00
  81.00   48.00
  81.00   51.00
  81.00   54.00
  81.00   57.00
  81.00   60.00
  81.00   63.00
  81.00   66.00
  81.00   69.00
  81.00   72.00
  84.00   18.00
  84.00   21.00
  84.00   24.00
  84.00   27.00
  84.00   30.00
  84.00   33.00
  84.00   36.00
  84.00   39.00
  84.00   42.00
  84.00   45.00
  84.00   48.00
  84.00   51.00
  84.00   54.00
  84.00   57.00
  84.00   60.00
  84.00   63.00
  84.00   66.00
  84.00   69.00
  84.00   72.00
  87.00   21.00
  87.00   24.00
  87.00   27.00
  87.00   30.00
  87.00   33.00
  87.00   36.00
  87.00   39.00
  87.00   42.00
  87.00   45.00
  87.00   48.00
  87.00   51.00
  87.00   54.00
  87.00   57.00
  87.00   60.00
  87.00   63.00
  87.00   66.00
  87.00   69.00
  87.00   72.00
  87.00   75.00
  90.00    9.00
  90.00   12.00
  90.00   18.00
  90.00   21.00
  90.00   24.00
  90.00   27.00
  90.00   30.00
  90.00   33.00
  90.00   36.00
  90.00   39.00
  90.00   42.00
  90.00   45.00
  90.00   48.00
  90.00   51.00
  90.00   54.00
  90.00   57.00
  90.00   60.00
  90.00   63.00
  90.00   66.00
  90.00   69.00
  90.00   72.00
  90.00   75.00
  93.00    0.00
  93.00    3.00
  93.00    6.00
  93.00   12.00
  93.00   15.00
  93.00   18.00
  93.00   21.00
  93.00   24.00
  93.00   27.00
  93.00   30.00
  93.00   33.00
  93.00   36.00
  93.00   39.00
  93.00   42.00
  93.00   45.00
  93.00   48.00
  93.00   51.00
  93.00   54.00
  93.00   57.00
  93.00   60.00
  93.00   63.00
  93.00   66.00
  93.00   69.00
  93.00   72.00
  93.00   75.00
  93.00   78.00
  96.00   -3.00
  96.00    0.00
  96.00    3.00
  96.00    6.00
  96.00    9.00
  96.00   12.00
  96.00   15.00
  96.00   18.00
  96.00   21.00
  96.00   24.00
  96.00   27.00
  96.00   30.00
  96.00   33.00
  96.00   36.00
  96.00   39.00
  96.00   42.00
  96.00   45.00
  96.00   48.00
  96.00   51.00
  96.00   54.00
  96.00   57.00
  96.00   60.00
  96.00   63.00
  96.00   66.00
  96.00   69.00
  96.00   72.00
  96.00   75.00
  96.00   78.00
  99.00   -6.00
  99.00   -3.00
  99.00    0.00
  99.00    3.00
  99.00    6.00
  99.00    9.00
  99.00   12.00
  99.00   15.00
  99.00   18.00
  99.00   21.00
  99.00   24.00
  99.00   27.00
  99.00   30.00
  99.00   33.00
  99.00   36.00
  99.00   39.00
  99.00   42.00
  99.00   45.00
  99.00   48.00
  99.00   51.00
  99.00   54.00
  99.00   57.00
  99.00   60.00
  99.00   63.00
  99.00   66.00
  99.00   69.00
  99.00   72.00
  99.00   75.00
  99.00   78.00
 102.00   -6.00
 102.00   -3.00
 102.00    0.00
 102.00    3.00
 102.00    6.00
 102.00    9.00
 102.00   12.00
 102.00   15.00
 102.00   18.00
 102.00   21.00
 102.00   24.00
 102.00   27.00
 102.00   30.00
 102.00   33.00
 102.00   36.00
 102.00   39.00
 102.00   42.00
 102.00   45.00
 102.00   48.00
 102.00   51.00
 102.00   54.00
 102.00   57.00
 102.00   60.00
 102.00   63.00
 102.00   66.00
 102.00   69.00
 102.00   72.00
 102.00   75.00
 102.00   78.00
 105.00   -9.00
 105.00   -6.00
 105.00   -3.00
 105.00    0.00
 105.00    3.00
 105.00    6.00
 105.00    9.00
 105.00   12.00
 105.00   15.00
 105.00   18.00
 105.00   21.00
 105.00   24.00
 105.00   27.00
 105.00   30.00
 105.00   33.00
 105.00   36.00
 105.00   39.00
 105.00   42.00
 105.00   45.00
 105.00   48.00
 105.00   51.00
 105.00   54.00
 105.00   57.00
 105.00   60.00
 105.00   63.00
 105.00   66.00
 105.00   69.00
 105.00   72.00
 105.00   75.00
 105.00   78.00
 108.00   -9.00
 108.00   -6.00
 108.00   -3.00
 108.00    0.00
 108.00    3.00
 108.00    9.00
 108.00   12.00
 108.00   15.00
 108.00   18.00
 108.00   21.00
 108.00   24.00
 108.00   27.00
 108.00   30.00
 108.00   33.00
 108.00   36.00
 108.00   39.00
 108.00   42.00
 108.00   45.00
 108.00   48.00
 108.00   51.00
 108.00   54.00
 108.00   57.00
 108.00   60.00
 108.00   63.00
 108.00   66.00
 108.00   69.00
 108.00   72.00
 108.00   75.00
 111.00  -30.00
 111.00  -27.00
 111.00  -24.00
 111.00   -9.00
 111.00   -6.00
 111.00   -3.00
 111.00    0.00
 111.00    3.00
 111.00   18.00
 111.00   21.00
 111.00   24.00
 111.00   27.00
 111.00   30.00
 111.00   33.00
 111.00   36.00
 111.00   39.00
 111.00   42.00
 111.00   45.00
 111.00   48.00
 111.00   51.00
 111.00   54.00
 111.00   57.00
 111.00   60.00
 111.00   63.00
 111.00   66.00
 111.00   69.00
 111.00   72.00
 111.00   75.00
 114.00  -36.00
 114.00  -33.00
 114.00  -30.00
 114.00  -27.00
 114.00  -24.00
 114.00  -21.00
 114.00  -12.00
 114.00   -9.00
 114.00   -6.00
 114.00   -3.00
 114.00    0.00
 114.00    3.00
 114.00    6.00
 114.00   21.00
 114.00   24.00
 114.00   27.00
 114.00   30.00
 114.00   33.00
 114.00   36.00
 114.00   39.00
 114.00   42.00
 114.00   45.00
 114.00   48.00
 114.00   51.00
 114.00   54.00
 114.00   57.00
 114.00   60.00
 114.00   63.00
 114.00   66.00
 114.00   69.00
 114.00   72.00
 117.00  -36.00
 117.00  -33.00
 117.00  -30.00
 117.00  -27.00
 117.00  -24.00
 117.00  -21.00
 117.00  -12.00
 117.00   -9.00
 117.00   -6.00
 117.00   -3.00
 117.00    0.00
 117.00    3.00
 117.00    6.00
 117.00    9.00
 117.00   12.00
 117.00   15.00
 117.00   21.00
 117.00   24.00
 117.00   27.00
 117.00   30.00
 117.00   33.00
 117.00   36.00
 117.00   39.00
 117.00   42.00
 117.00   45.00
 117.00   48.00
 117.00   51.00
 117.00   54.00
 117.00   57.00
 117.00   60.00
 117.00   63.00
 117.00   66.00
 117.00   69.00
 117.00   72.00
 120.00  -36.00
 120.00  -33.00
 120.00  -30.00
 120.00  -27.00
 120.00  -24.00
 120.00  -21.00
 120.00  -18.00
 120.00  -12.00
 120.00   -9.00
 120.00   -6.00
 120.00   -3.00
 120.00    0.00
 120.00    3.00
 120.00    6.00
 120.00    9.00
 120.00   12.00
 120.00   15.00
 120.00   18.00
 120.00   21.00
 120.00   24.00
 120.00   27.00
 120.00   30.00
 120.00   33.00
 120.00   36.00
 120.00   39.00
 120.00   42.00
 120.00   45.00
 120.00   48.00
 120.00   51.00
 120.00   54.00
 120.00   57.00
 120.00   60.00
 120.00   63.00
 120.00   66.00
 120.00   69.00
 120.00   72.00
 123.00  -36.00
 123.00  -33.00
 123.00  -30.00
 123.00  -27.00
 123.00  -24.00
 123.00  -21.00
 123.00  -18.00
 123.00  -15.00
 123.00  -12.00
 123.00   -9.00
 123.00   -6.00
 123.00   -3.00
 123.00    0.00
 123.00    3.00
 123.00    6.00
 123.00    9.00
 123.00   12.00
 123.00   24.00
 123.00   36.00
 123.00   39.00
 123.00   42.00
 123.00   45.00
 123.00   48.00
 123.00   51.00
 123.00   54.00
 123.00   57.00
 123.00   60.00
 123.00   63.00
 123.00   66.00
 123.00   69.00
 123.00   72.00
 126.00  -33.00
 126.00  -30.00
 126.00  -27.00
 126.00  -24.00
 126.00  -21.00
 126.00  -18.00
 126.00  -15.00
 126.00  -12.00
 126.00   -9.00
 126.00   -6.00
 126.00   -3.00
 126.00    0.00
 126.00    3.00
 126.00    6.00
 126.00    9.00
 126.00   24.00
 126.00   27.00
 126.00   30.00
 126.00   33.00
 126.00   36.00
 126.00   39.00
 126.00   42.00
 126.00   45.00
 126.00   48.00
 126.00   51.00
 126.00   54.00
 126.00   57.00
 126.00   60.00
 126.00   63.00
 126.00   66.00
 126.00   69.00
 126.00   72.00
 129.00  -33.00
 129.00  -30.00
 129.00  -27.00
 129.00  -24.00
 129.00  -21.00
 129.00  -18.00
 129.00  -15.00
 129.00  -12.00
 129.00   -9.00
 129.00   -6.00
 129.00   -3.00
 129.00   27.00
 129.00   30.00
 129.00   33.00
 129.00   36.00
 129.00   39.00
 129.00   42.00
 129.00   45.00
 129.00   48.00
 129.00   51.00
 129.00   54.00
 129.00   57.00
 129.00   60.00
 129.00   63.00
 129.00   66.00
 129.00   69.00
 129.00   72.00
 132.00  -36.00
 132.00  -33.00
 132.00  -30.00
 132.00  -27.00
 132.00  -24.00
 132.00  -21.00
 132.00  -18.00
 132.00  -15.00
 132.00  -12.00
 132.00   -9.00
 132.00   -6.00
 132.00   -3.00
 132.00   30.00
 132.00   33.00
 132.00   36.00
 132.00   42.00
 132.00   45.00
 132.00   48.00
 132.00   51.00
 132.00   54.00
 132.00   57.00
 132.00   60.00
 132.00   63.00
 132.00   66.00
 132.00   69.00
 135.00  -39.00
 135.00  -36.00
 135.00  -33.00
 135.00  -30.00
 135.00  -27.00
 135.00  -24.00
 135.00  -21.00
 135.00  -18.00
 135.00  -15.00
 135.00  -12.00
 135.00   -9.00
 135.00   -6.00
 135.00   -3.00
 135.00   33.00
 135.00   36.00
 135.00   42.00
 135.00   45.00
 135.00   48.00
 135.00   51.00
 135.00   54.00
 135.00   57.00
 135.00   60.00
 135.00   63.00
 135.00   66.00
 135.00   69.00
 135.00   72.00
 135.00   75.00
 138.00  -39.00
 138.00  -36.00
 138.00  -33.00
 138.00  -30.00
 138.00  -27.00
 138.00  -24.00
 138.00  -21.00
 138.00  -18.00
 138.00  -12.00
 138.00   -9.00
 138.00   -6.00
 138.00   -3.00
 138.00   33.00
 138.00   36.00
 138.00   39.00
 138.00   42.00
 138.00   45.00
 138.00   48.00
 138.00   51.00
 138.00   54.00
 138.00   57.00
 138.00   60.00
 138.00   63.00
 138.00   66.00
 138.00   69.00
 138.00   72.00
 138.00   75.00
 141.00  -42.00
 141.00  -39.00
 141.00  -36.00
 141.00  -33.00
 141.00  -30.00
 141.00  -27.00
 141.00  -24.00
 141.00  -21.00
 141.00  -18.00
 141.00  -15.00
 141.00  -12.00
 141.00   -9.00
 141.00   -6.00
 141.00   -3.00
 141.00   36.00
 141.00   39.00
 141.00   42.00
 141.00   45.00
 141.00   48.00
 141.00   51.00
 141.00   54.00
 141.00   57.00
 141.00   60.00
 141.00   63.00
 141.00   66.00
 141.00   69.00
 141.00   72.00
 141.00   75.00
 144.00  -45.00
 144.00  -42.00
 144.00  -39.00
 144.00  -36.00
 144.00  -33.00
 144.00  -30.00
 144.00  -27.00
 144.00  -24.00
 144.00  -21.00
 144.00  -18.00
 144.00  -15.00
 144.00  -12.00
 144.00   -9.00
 144.00   -6.00
 144.00   -3.00
 144.00   42.00
 144.00   48.00
 144.00   57.00
 144.00   60.00
 144.00   63.00
 144.00   66.00
 144.00   69.00
 144.00   72.00
 144.00   75.00
 147.00  -45.00
 147.00  -42.00
 147.00  -39.00
 147.00  -36.00
 147.00  -33.00
 147.00  -30.00
 147.00  -27.00
 147.00  -24.00
 147.00  -21.00
 147.00  -12.00
 147.00   -9.00
 147.00   -6.00
 147.00   -3.00
 147.00   42.00
 147.00   45.00
 147.00   57.00
 147.00   60.00
 147.00   63.00
 147.00   66.00
 147.00   69.00
 147.00   72.00
 147.00   75.00
 150.00  -39.00
 150.00  -36.00
 150.00  -33.00
 150.00  -30.00
 150.00  -27.00
 150.00  -24.00
 150.00  -12.00
 150.00   -9.00
 150.00   -6.00
 150.00   -3.00
 150.00   45.00
 150.00   57.00
 150.00   60.00
 150.00   63.00
 150.00   66.00
 150.00   69.00
 150.00   72.00
 150.00   75.00
 153.00  -33.00
 153.00  -30.00
 153.00  -27.00
 153.00  -12.00
 153.00   -9.00
 153.00   -6.00
 153.00   48.00
 153.00   51.00
 153.00   54.00
 153.00   57.00
 153.00   60.00
 153.00   63.00
 153.00   66.00
 153.00   69.00
 156.00   -9.00
 156.00   48.00
 156.00   51.00
 156.00   54.00
 156.00   57.00
 156.00   60.00
 156.00   63.00
 156.00   66.00
 156.00   69.00
 159.00  -12.00
 159.00   -9.00
 159.00   51.00
 159.00   54.00
 159.00   57.00
 159.00   60.00
 159.00   63.00
 159.00   66.00
 159.00   69.00
 162.00  -24.00
 162.00  -21.00
 162.00  -12.00
 162.00   54.00
 162.00   57.00
 162.00   60.00
 162.00   63.00
 162.00   66.00
 162.00   69.00
 165.00  -48.00
 165.00  -45.00
 165.00  -24.00
 165.00  -21.00
 165.00  -18.00
 165.00  -15.00
 165.00  -12.00
 165.00   54.00
 165.00   57.00
 165.00   60.00
 165.00   63.00
 165.00   66.00
 165.00   69.00
 168.00  -48.00
 168.00  -45.00
 168.00  -24.00
 168.00  -21.00
 168.00  -18.00
 168.00   57.00
 168.00   60.00
 168.00   63.00
 168.00   66.00
 168.00   69.00
 171.00  -48.00
 171.00  -45.00
 171.00  -42.00
 171.00  -39.00
 171.00  -36.00
 171.00   60.00
 171.00   63.00
 171.00   66.00
 171.00   69.00
 174.00  -42.00
 174.00  -39.00
 174.00  -36.00
 174.00   60.00
 174.00   63.00
 174.00   66.00
 174.00   69.00
 177.00  -42.00
 177.00  -39.00
 177.00  -21.00
 177.00  -18.00
 177.00   60.00
 177.00   63.00
 177.00   66.00
 177.00   69.00
