  94.25     54.25
  -9.25     18.25
 -77.25     70.25
  22.25     16.25
 140.25     60.25
  72.25     22.25
-113.25     60.25
 -43.25    -15.25
 160.25     56.25
  48.25     30.25
 100.25     58.25
  64.25     58.25
  -3.25     32.25
-119.25     64.25
 106.25     56.25
 -55.25    -23.25
-139.25     66.25
  16.25     38.25
  54.25     32.25
  90.25     48.25
  30.25     66.25
 128.25     44.25
 102.25     40.25
 -93.25     48.25
 144.25    -21.25
 106.25     42.25
 156.25     68.25
  36.25     -1.25
 122.25    -25.25
 144.25     62.25
  24.25    -13.25
  48.25     20.25
  48.25     48.25
 126.25     44.25
  -9.25     16.25
  64.25     48.25
-113.25     58.25
  44.25     50.25
  28.25     58.25
 106.25     40.25
  86.25     38.25
 -65.25     -7.25
  42.25     30.25
 -71.25    -51.25
   4.25      8.25
  90.25     34.25
 -59.25    -19.25
-159.25     62.25
  42.25     52.25
   8.25     46.25
  42.25     34.25
-105.25     38.25
 -89.25     32.25
 -69.25    -17.25
 106.25     58.25
   0.25     16.25
  -5.25      6.25
 102.25      4.25
 152.25    -25.25
 132.25    -21.25
  26.25     24.25
  84.25     24.25
  74.25     32.25
-109.25     46.25
  96.25     76.25
  46.25     26.25
  26.25     10.25
  70.25     38.25
 174.25     66.25
  20.25     20.25
 -71.25     52.25
-113.25     56.25
-121.25     68.25
 -71.25    -15.25
 -87.25     72.25
-115.25     50.25
 -53.25    -31.25
  78.25     28.25
 158.25     70.25
 -73.25    -11.25
   8.25     30.25
  48.25    -19.25
  52.25     60.25
  16.25     40.25
 160.25     68.25
  38.25      0.25
-133.25     56.25
  22.25     66.25
 120.25     40.25
 130.25     32.25
 -87.25     52.25
  80.25     52.25
  10.25     12.25
  18.25     -7.25
  66.25     34.25
  92.25     46.25
 -65.25    -41.25
  46.25     10.25
  30.25    -29.25
  82.25     50.25
  42.25      8.25
-103.25     38.25
  82.25     66.25
 -75.25      2.25
  86.25     56.25
  -3.25     26.25
 140.25    -19.25
  48.25      6.25
  14.25     18.25
 -77.25     54.25
 100.25     20.25
 -61.25     -5.25
 -85.25     12.25
 114.25    -23.25
 116.25     70.25
 126.25     60.25
 -57.25    -27.25
  54.25     48.25
 -67.25    -41.25
  46.25     38.25
  18.25    -29.25
  46.25     30.25
 148.25     72.25
-125.25     62.25
  52.25     32.25
 -61.25     10.25
  -7.25     24.25
 -93.25     30.25
  76.25     38.25
  42.25     64.25
  94.25     20.25
 -57.25      2.25
-177.25     66.25
  -9.25     14.25
  40.25     52.25
 -67.25    -15.25
-131.25     56.25
 -81.25     40.25
 134.25     44.25
 -67.25     48.25
 100.25      0.25
-129.25     60.25
  38.25     48.25
  42.25     38.25
 -97.25     58.25
 -67.25    -29.25
  30.25     24.25
  68.25     46.25
 -39.25    -17.25
 108.25     24.25
  12.25     18.25
  24.25     -9.25
  14.25    -19.25
-151.25     64.25
  72.25     42.25
  68.25     60.25
  58.25     42.25
 130.25    -17.25
  86.25     68.25
 -61.25    -37.25
  -1.25     54.25
 146.25    -23.25
  46.25     32.25
  78.25     58.25
 122.25     62.25
 106.25     28.25
  36.25     -7.25
  88.25     74.25
-119.25     42.25
  36.25     56.25
  24.25     28.25
-153.25     66.25
 118.25     54.25
 -61.25    -35.25
  -7.25     26.25
  -9.25     52.25
 -65.25     58.25
 134.25     64.25
   8.25     44.25
-101.25     28.25
  42.25     48.25
  22.25    -19.25
  36.25     68.25
  50.25     22.25
 112.25     64.25
  46.25     66.25
  64.25     38.25
  64.25     40.25
 140.25     42.25
 116.25     -1.25
  86.25     54.25
  78.25     20.25
  48.25     56.25
 -89.25     36.25
  76.25     28.25
 104.25     50.25
  46.25     48.25
  22.25     46.25
 -49.25     -5.25
  78.25     60.25
  12.25     22.25
 -99.25     44.25
 134.25     34.25
  64.25     44.25
  94.25     40.25
  22.25    -31.25
  14.25     58.25
 -71.25     48.25
 -95.25     62.25
 160.25     58.25
 -73.25     56.25
  26.25     26.25
  88.25     56.25
   4.25     12.25
 100.25     74.25
 136.25     -3.25
 170.25    -43.25
 178.25     66.25
 100.25     42.25
  22.25    -29.25
 148.25    -35.25
 104.25     54.25
 -93.25     34.25
 -83.25     32.25
  -1.25     42.25
 -99.25     38.25
  94.25     38.25
 -55.25    -19.25
  22.25     28.25
 158.25     54.25
 -89.25     46.25
 150.25    -35.25
 -91.25     52.25
 142.25    -37.25
 100.25      8.25
  18.25     50.25
-111.25     58.25
  90.25     36.25
-121.25     54.25
 114.25     70.25
 130.25     60.25
  88.25     72.25
  20.25     24.25
  84.25     70.25
  16.25     14.25
  34.25    -19.25
 168.25     68.25
-101.25     26.25
-101.25     38.25
 -89.25     40.25
 -73.25    -15.25
 170.25     60.25
-109.25     76.25
  78.25     32.25
  54.25     22.25
 -77.25    -11.25
 100.25     26.25
  54.25     50.25
 -55.25     -1.25
  -5.25     56.25
 -59.25      2.25
  44.25    -21.25
 154.25     70.25
  36.25     54.25
 140.25     68.25
-145.25     66.25
  56.25     24.25
-107.25     26.25
 122.25    -21.25
 -69.25     68.25
 -71.25     54.25
 112.25     -3.25
 124.25     54.25
-107.25     36.25
  14.25    -21.25
 -47.25    -23.25
 112.25     76.25
  22.25      4.25
  -1.25     22.25
  70.25     54.25
-119.25     44.25
 120.25     62.25
  36.25     18.25
  30.25    -11.25
 174.25    -39.25
 -37.25     -5.25
  16.25     28.25
  72.25     62.25
  40.25     26.25
 -53.25    -21.25
 106.25     68.25
 136.25     52.25
 118.25     68.25
  24.25     50.25
  80.25     50.25
  74.25     66.25
  36.25     -5.25
  40.25     24.25
-115.25     60.25
  80.25     70.25
  12.25     60.25
  34.25     26.25
  44.25     66.25
  26.25    -19.25
 -81.25     38.25
 128.25     60.25
  70.25     58.25
-105.25     24.25
 100.25     72.25
 124.25     46.25
 -47.25     -1.25
  64.25     30.25
 102.25      2.25
 -97.25     72.25
 124.25      8.25
 -95.25     30.25
  38.25     62.25
 134.25     54.25
 146.25     60.25
  12.25     10.25
 -87.25     78.25
  76.25     36.25
 -69.25     56.25
 -57.25    -35.25
  46.25    -19.25
 -77.25     60.25
 142.25    -31.25
 126.25     62.25
  62.25     52.25
-117.25     36.25
 162.25     68.25
-109.25     62.25
  30.25     -3.25
 168.25     66.25
  34.25     -9.25
 122.25     64.25
  98.25     60.25
  -5.25     42.25
 -69.25     -5.25
 -39.25     -3.25
  34.25     -3.25
 -69.25    -37.25
  46.25      6.25
  16.25     -3.25
 174.25     64.25
  98.25     64.25
   4.25     44.25
-105.25     50.25
-157.25     60.25
 104.25     14.25
 138.25     52.25
  -1.25     48.25
  90.25     26.25
  36.25     34.25
  18.25      6.25
  30.25    -21.25
  22.25      2.25
  86.25     40.25
  78.25     38.25
-165.25     66.25
 118.25     44.25
 130.25     54.25
 -69.25    -25.25
 140.25     58.25
 -91.25     16.25
 114.25     24.25
  32.25     46.25
 -65.25     50.25
 -97.25     46.25
 -75.25     60.25
  -7.25     28.25
  16.25     58.25
 -97.25     42.25
  74.25     42.25
 -71.25     60.25
-103.25     26.25
 118.25     62.25
  32.25     30.25
 128.25    -23.25
 104.25     76.25
  44.25     26.25
-115.25     44.25
-177.25     68.25
 140.25     66.25
 142.25    -13.25
 114.25     42.25
 152.25    -27.25
 -41.25     -7.25
 150.25    -33.25
 138.25    -27.25
  34.25     38.25
 -69.25    -31.25
 -45.25    -23.25
-149.25     64.25
 -53.25     70.25
  38.25     40.25
  52.25     52.25
 -95.25     76.25
  20.25     14.25
 154.25     62.25
-117.25     66.25
 -63.25      2.25
 100.25     32.25
  44.25     54.25
  56.25     38.25
  92.25     70.25
  14.25    -13.25
 136.25     36.25
 -97.25     38.25
 110.25     30.25
 148.25    -27.25
  22.25     24.25
  10.25     46.25
  34.25    -13.25
  82.25     48.25
 -95.25     70.25
 140.25     74.25
 132.25     -1.25
  48.25    -15.25
   8.25     26.25
  86.25     32.25
  46.25     54.25
 116.25    -33.25
 122.25     56.25
  52.25     16.25
 -87.25     20.25
  72.25     24.25
 136.25    -23.25
 -69.25    -43.25
  42.25     22.25
 100.25     52.25
 -75.25    -49.25
  18.25    -25.25
 -67.25    -35.25
  70.25     46.25
 -65.25     -1.25
 -65.25    -23.25
 -79.25     -3.25
  44.25     56.25
 134.25    -25.25
-153.25     60.25
  68.25     38.25
 122.25     46.25
 -63.25    -37.25
  40.25     40.25
 -65.25    -39.25
 114.25      0.25
-127.25     62.25
 116.25    -21.25
 -65.25    -33.25
  84.25     42.25
  36.25      2.25
 126.25     72.25
  36.25      6.25
 -59.25    -35.25
  46.25     52.25
-113.25     46.25
  68.25     36.25
 110.25     50.25
  76.25     10.25
 132.25     62.25
 120.25     64.25
 110.25     48.25
 -81.25     70.25
-115.25     48.25
  26.25    -25.25
  78.25     52.25
 104.25     36.25
 -95.25     64.25
  -3.25     42.25
 112.25     -1.25
 -67.25      2.25
 110.25     -1.25
-127.25     54.25
 122.25     58.25
 106.25     26.25
  24.25    -27.25
 116.25     42.25
-119.25     46.25
  98.25     34.25
  72.25     70.25
 -73.25      2.25
  80.25     62.25
 -61.25    -25.25
  40.25     56.25
  34.25     64.25
  62.25     68.25
 112.25     60.25
-117.25     44.25
  16.25     20.25
-111.25     42.25
 -77.25     64.25
-129.25     54.25
 112.25     54.25
-111.25     44.25
   8.25     24.25
 104.25     16.25
 -71.25     10.25
 -93.25     66.25
 -71.25     -3.25
 116.25     72.25
  76.25     16.25
 -51.25    -11.25
 136.25    -17.25
 -95.25     48.25
  26.25     58.25
-119.25     52.25
 144.25    -25.25
 -69.25     66.25
-119.25     50.25
  48.25     60.25
  10.25      0.25
 -77.25     -7.25
 136.25    -27.25
  48.25     40.25
 -57.25     82.25
  34.25     40.25
  38.25    -17.25
 122.25    -27.25
  50.25     36.25
  18.25      8.25
  30.25     70.25
  88.25     32.25
 -69.25    -29.25
  32.25    -17.25
  64.25     50.25
 -51.25    -17.25
 108.25     60.25
  24.25     12.25
 128.25     68.25
 -69.25     46.25
  68.25     66.25
 -65.25    -15.25
  88.25     36.25
  38.25     60.25
  76.25     48.25
  88.25     50.25
 106.25     64.25
  -9.25     24.25
 -75.25    -15.25
 -69.25      8.25
  20.25     28.25
  38.25      4.25
 -75.25     -3.25
  18.25     64.25
  20.25     66.25
 -11.25      8.25
  20.25    -27.25
 142.25     68.25
-119.25     62.25
 152.25    -31.25
 -87.25     70.25
-155.25     70.25
  66.25     60.25
  62.25     62.25
  78.25     48.25
  14.25     56.25
  32.25     66.25
 -15.25     22.25
 -65.25     -9.25
 -81.25     36.25
  -5.25     26.25
 146.25     72.25
  52.25     44.25
 -61.25     46.25
  86.25     30.25
  36.25     62.25
 140.25    -27.25
  98.25     68.25
 116.25     -3.25
 -69.25    -33.25
 -95.25     34.25
 128.25     46.25
  14.25    -11.25
 100.25     22.25
 134.25    -29.25
 -43.25    -11.25
 136.25     58.25
  50.25     62.25
  98.25     14.25
  82.25     22.25
  40.25     62.25
 130.25     44.25
  32.25     12.25
 -71.25    -35.25
  56.25     20.25
-123.25     44.25
   4.25     32.25
  24.25    -15.25
 120.25    -23.25
 112.25     68.25
 -99.25     56.25
  82.25     36.25
 -71.25    -17.25
  26.25    -15.25
-111.25     54.25
  24.25     14.25
 134.25     62.25
 -69.25    -49.25
  10.25     28.25
  78.25     68.25
 100.25     54.25
 -97.25     44.25
 148.25     -9.25
  72.25     68.25
 144.25     64.25
-101.25     32.25
 146.25    -41.25
  12.25     -3.25
  32.25    -11.25
  16.25    -27.25
  46.25     56.25
 118.25     52.25
 128.25     72.25
  54.25     42.25
 154.25     68.25
  60.25     28.25
 -73.25     42.25
  60.25     68.25
 -97.25     36.25
   2.25     50.25
 -79.25     44.25
 -69.25    -53.25
 108.25     68.25
  -3.25     38.25
 -95.25     56.25
 146.25    -21.25
 128.25    -17.25
 -85.25     30.25
  96.25      4.25
  30.25     40.25
 -97.25     28.25
 -55.25     48.25
  32.25     -9.25
 118.25     60.25
  58.25     22.25
 100.25     70.25
 100.25     40.25
 152.25     60.25
 -73.25      8.25
-101.25     24.25
  62.25     56.25
 -57.25    -31.25
 140.25    -31.25
 -89.25     54.25
 -87.25     36.25
  16.25     52.25
 -73.25    -39.25
  24.25    -21.25
 154.25     60.25
-125.25     64.25
  74.25     34.25
  44.25     60.25
 -47.25    -13.25
  12.25     64.25
 128.25    -15.25
 136.25     34.25
 -87.25     38.25
  14.25    -15.25
 -99.25     66.25
  -3.25     28.25
  94.25     66.25
 102.25     30.25
  82.25     70.25
 142.25     72.25
 148.25    -41.25
  12.25    -17.25
 -91.25     40.25
   8.25     14.25
 168.25     64.25
  96.25     18.25
  56.25     58.25
  60.25     26.25
 114.25     62.25
  32.25    -13.25
   0.25     24.25
 136.25     64.25
-123.25     68.25
 104.25     58.25
  -1.25     14.25
  14.25     46.25
  38.25     12.25
 -51.25     70.25
 150.25     70.25
  68.25     34.25
 120.25     16.25
 -47.25     -7.25
  26.25     28.25
 126.25     -3.25
 -93.25     38.25
-111.25     52.25
  16.25     48.25
 108.25     62.25
  90.25     24.25
 -13.25     24.25
  76.25     32.25
 130.25     56.25
  80.25     26.25
  44.25     38.25
-129.25     64.25
  62.25     60.25
  16.25     46.25
  18.25     -1.25
  10.25     62.25
 -81.25     48.25
 -37.25    -11.25
-103.25     40.25
  50.25     64.25
 -95.25     36.25
-143.25     68.25
  50.25     66.25
  32.25     64.25
 -93.25     44.25
-103.25     32.25
 -43.25    -13.25
  16.25    -17.25
 -53.25    -15.25
 -51.25     64.25
  54.25     60.25
  12.25      6.25
  24.25    -25.25
-139.25     68.25
  76.25     30.25
  18.25    -13.25
 148.25     68.25
  80.25     54.25
 126.25     52.25
 146.25     64.25
  18.25     24.25
  24.25     48.25
-109.25     38.25
 -59.25    -33.25
  10.25     60.25
 -11.25     20.25
  48.25    -17.25
 132.25     34.25
  14.25     42.25
-107.25     52.25
 114.25     40.25
  -1.25     34.25
  32.25     -5.25
  30.25      2.25
 142.25    -21.25
 108.25     34.25
  42.25      2.25
  66.25     40.25
  28.25     44.25
  -5.25     12.25
  24.25      2.25
 -49.25     -3.25
 102.25     24.25
 -97.25     30.25
  28.25     28.25
  28.25     -9.25
 -45.25     -7.25
 -83.25     50.25
  94.25     50.25
  44.25      8.25
 118.25    -33.25
 120.25     72.25
  90.25     72.25
-157.25     66.25
 132.25    -19.25
 -67.25     68.25
 -69.25    -19.25
 -99.25     42.25
  82.25     40.25
  46.25     44.25
 110.25     26.25
  62.25     54.25
-103.25     22.25
  34.25     62.25
  24.25     52.25
  90.25     28.25
 -73.25    -53.25
  86.25     66.25
  26.25     44.25
-109.25     64.25
 120.25     68.25
 146.25    -25.25
  20.25     50.25
 122.25     18.25
-125.25     58.25
 132.25    -11.25
  36.25     16.25
  88.25     52.25
 114.25     38.25
 140.25     -7.25
 110.25     40.25
 -95.25     52.25
 150.25    -29.25
  40.25     64.25
 114.25     26.25
-105.25     30.25
 -83.25     10.25
 -85.25     50.25
  64.25     54.25
 168.25     62.25
  -5.25      8.25
   4.25     26.25
  -1.25      8.25
 -51.25    -19.25
 -85.25     70.25
  -7.25      8.25
  26.25    -17.25
   6.25     62.25
 116.25     50.25
-141.25     64.25
 -67.25     54.25
  36.25     38.25
-119.25     68.25
  98.25     50.25
  46.25    -21.25
  16.25     22.25
  54.25     30.25
  34.25     10.25
  92.25     24.25
 -89.25     18.25
   8.25     56.25
 142.25    -33.25
 -97.25     66.25
 -95.25     60.25
  80.25      6.25
 102.25     54.25
-139.25     62.25
 114.25     66.25
 152.25     64.25
  66.25     56.25
 -69.25     -3.25
 -99.25     18.25
  18.25    -31.25
 -71.25    -33.25
  38.25     38.25
 128.25      2.25
 124.25     40.25
  12.25     50.25
  96.25     50.25
  16.25     78.25
 130.25    -31.25
   6.25     16.25
  -7.25     14.25
-131.25     62.25
-105.25     26.25
  18.25     30.25
 146.25     68.25
 122.25    -23.25
 134.25     48.25
  20.25    -17.25
 -77.25      4.25
   0.25     28.25
 106.25     62.25
   6.25     26.25
 -79.25     40.25
 142.25     -7.25
 -85.25     52.25
 -67.25    -27.25
-115.25     46.25
 176.25     62.25
 -59.25     -1.25
  92.25     28.25
 -69.25     10.25
  12.25     30.25
 -69.25     54.25
  82.25     42.25
   4.25     50.25
 104.25     24.25
-103.25     66.25
  64.25     60.25
  46.25    -17.25
   0.25     40.25
  26.25     56.25
 170.25     68.25
-109.25     70.25
 138.25     64.25
  28.25    -21.25
 -69.25    -47.25
 -43.25     -9.25
  50.25    -15.25
 118.25    -23.25
  44.25     62.25
 -41.25    -13.25
 150.25     62.25
 -53.25      4.25
 102.25      0.25
   8.25     34.25
  36.25     52.25
 -73.25     50.25
 134.25     46.25
 -55.25    -13.25
  12.25     24.25
 140.25     -3.25
  34.25     -1.25
  32.25     40.25
  26.25      6.25
 134.25    -27.25
 -63.25     10.25
  16.25    -13.25
  86.25     28.25
 -93.25     42.25
 120.25     46.25
 116.25     64.25
 140.25     52.25
  80.25     18.25
-105.25     32.25
  28.25     70.25
 -51.25     -9.25
  -1.25     10.25
   6.25     52.25
-121.25     56.25
 100.25     14.25
  96.25     24.25
  80.25     30.25
 -21.25     80.25
 138.25     -5.25
 138.25    -25.25
 148.25     62.25
  92.25     30.25
  26.25     -1.25
  38.25     56.25
 104.25     48.25
 -71.25     68.25
-137.25     62.25
  56.25     56.25
  18.25     18.25
 126.25     68.25
  74.25     20.25
  46.25     62.25
-107.25     46.25
  60.25     54.25
 -97.25     40.25
  80.25     60.25
 -61.25     56.25
 -95.25     32.25
 -57.25     -7.25
-117.25     38.25
  24.25    -29.25
  44.25     30.25
  94.25     26.25
-111.25     30.25
 -55.25     -7.25
  68.25     68.25
  82.25     72.25
  30.25      6.25
  76.25     70.25
  10.25     52.25
  40.25     48.25
 104.25     30.25
  26.25     12.25
 128.25     -3.25
 -63.25     46.25
 -89.25     72.25
  72.25     50.25
   4.25     16.25
  78.25     36.25
  24.25    -31.25
-123.25     72.25
  62.25     32.25
 -13.25     14.25
-125.25     60.25
  98.25     24.25
 -85.25     78.25
  24.25     -3.25
   0.25     18.25
 -51.25     -7.25
-109.25     50.25
 -79.25     46.25
  98.25     52.25
  78.25     62.25
 -59.25      4.25
  28.25     16.25
  58.25     48.25
 100.25     34.25
 -67.25    -17.25
  76.25     60.25
 -73.25     54.25
 -59.25     -3.25
 110.25     38.25
 -47.25    -21.25
 -83.25     78.25
  78.25     14.25
 -65.25     56.25
  96.25     46.25
 -11.25     12.25
 128.25    -31.25
  92.25     22.25
  72.25     48.25
  38.25     18.25
-119.25     56.25
  58.25     54.25
 -69.25    -45.25
 -93.25     58.25
  32.25    -15.25
  96.25     28.25
 124.25     42.25
 108.25     70.25
  28.25     -7.25
 -51.25     -5.25
-157.25     58.25
-161.25     68.25
 128.25     40.25
 -77.25      0.25
  48.25     28.25
 108.25     40.25
 -43.25    -19.25
 110.25     -7.25
  88.25     66.25
 -81.25     22.25
 122.25     60.25
  44.25     14.25
-137.25     64.25
 116.25     46.25
 -69.25     58.25
 130.25    -25.25
  84.25     56.25
-115.25     30.25
  86.25     26.25
-175.25     66.25
 106.25     16.25
  38.25      6.25
 -51.25    -27.25
 -73.25     66.25
 116.25     44.25
 -71.25     66.25
  38.25     24.25
 -75.25     54.25
 132.25    -13.25
 102.25     -1.25
 104.25     38.25
  20.25     54.25
  24.25     70.25
-101.25     76.25
  42.25     50.25
 166.25     68.25
  -3.25     16.25
  36.25     50.25
  42.25     44.25
  26.25     -7.25
 100.25      6.25
 110.25     46.25
  42.25     56.25
  80.25     28.25
 134.25    -17.25
 108.25     32.25
   2.25     20.25
 110.25     20.25
 -51.25     -1.25
-109.25     40.25
  14.25     -1.25
-153.25     64.25
  30.25     46.25
 -61.25      2.25
  28.25    -11.25
-145.25     62.25
  80.25     58.25
 138.25    -21.25
 118.25     46.25
  72.25     46.25
 -53.25     -3.25
 -65.25     54.25
  58.25     30.25
 134.25    -13.25
-123.25     74.25
  44.25     28.25
 -73.25    -37.25
 176.25     64.25
-155.25     66.25
 -87.25     40.25
-103.25     56.25
  22.25      0.25
  92.25     32.25
   8.25     48.25
  60.25     52.25
 -59.25    -25.25
 128.25    -27.25
-101.25     34.25
 108.25     28.25
 -87.25     66.25
 122.25    -33.25
  84.25     36.25
  48.25     16.25
  24.25     -7.25
  22.25     30.25
  94.25     30.25
 132.25    -29.25
  -9.25      6.25
 128.25     38.25
 -63.25     -7.25
 106.25     38.25
  24.25      0.25
-117.25     74.25
 -59.25    -29.25
  -7.25      6.25
  -3.25     30.25
 -97.25     62.25
 -55.25      2.25
-123.25     46.25
 -75.25     70.25
 -73.25     -5.25
 126.25     48.25
  88.25     70.25
  76.25     62.25
-103.25     54.25
 -81.25     32.25
 120.25     -3.25
 140.25    -25.25
 152.25     68.25
 102.25     26.25
 126.25    -25.25
  90.25     68.25
 112.25     24.25
-119.25     40.25
  98.25     58.25
 126.25    -31.25
 126.25    -15.25
-101.25     18.25
  -1.25     52.25
  74.25     58.25
  -5.25     30.25
-135.25     66.25
 -67.25     52.25
-101.25     22.25
  32.25     52.25
  34.25     28.25
 102.25     20.25
 -93.25     68.25
   8.25      6.25
 -61.25     -9.25
 -61.25      4.25
 -63.25    -35.25
  54.25     66.25
 118.25    -27.25
  44.25     44.25
 112.25     66.25
 172.25    -43.25
   2.25     18.25
  42.25     36.25
 -71.25      4.25
 -99.25     46.25
  26.25    -11.25
  26.25    -21.25
 114.25     46.25
  32.25     36.25
  16.25     62.25
 -99.25     58.25
 -69.25     64.25
  28.25     24.25
 -77.25     72.25
 -65.25      6.25
  78.25     50.25
 116.25     54.25
  88.25     28.25
 -49.25    -23.25
  30.25     28.25
  66.25     68.25
 144.25     68.25
 100.25     66.25
 -83.25     54.25
 -83.25     30.25
 -57.25    -29.25
 -55.25    -21.25
  76.25     50.25
 144.25    -37.25
  34.25    -17.25
  68.25     44.25
  80.25     44.25
 -85.25     32.25
  32.25     10.25
 -61.25    -23.25
 106.25     22.25
  22.25     56.25
 -77.25      2.25
  -1.25     46.25
  76.25     46.25
  18.25    -21.25
  10.25     22.25
 -95.25     50.25
  22.25     32.25
  82.25     46.25
 -45.25     -5.25
  28.25     12.25
 -91.25     54.25
  94.25     22.25
 104.25     20.25
 -65.25    -29.25
 106.25     44.25
 102.25     18.25
  60.25     40.25
-107.25     70.25
  94.25     70.25
 -75.25     50.25
 106.25     34.25
  34.25     14.25
-159.25     56.25
  76.25     44.25
 104.25     18.25
 -53.25    -29.25
-109.25     52.25
  24.25     -5.25
   0.25     30.25
 -57.25     -5.25
  20.25      6.25
  68.25     50.25
  14.25      2.25
  36.25     14.25
  22.25    -21.25
 -57.25     -9.25
  -1.25     16.25
 -75.25     46.25
 -63.25    -23.25
  14.25     -3.25
 158.25     64.25
 148.25    -23.25
 -99.25     76.25
  74.25     28.25
  16.25    -21.25
 164.25     64.25
 126.25      8.25
  -5.25     20.25
 -93.25     46.25
 120.25    -25.25
 166.25     64.25
  38.25     36.25
  78.25     34.25
  42.25     40.25
  14.25      8.25
 -99.25     52.25
 -83.25     62.25
-103.25     34.25
 120.25     42.25
   4.25     20.25
   8.25     50.25
  78.25     24.25
  50.25     32.25
  58.25     32.25
 -89.25     20.25
 -43.25     -7.25
 -71.25    -13.25
-113.25     54.25
 116.25     34.25
  92.25     66.25
  38.25      8.25
 102.25     50.25
 -55.25     -9.25
-113.25     48.25
 148.25    -33.25
 -65.25     52.25
  38.25     64.25
  32.25     54.25
 132.25     52.25
  28.25     -5.25
 -87.25     50.25
 -77.25     20.25
 126.25    -29.25
-101.25     30.25
 144.25     70.25
 -85.25     44.25
 -73.25     10.25
 -55.25    -29.25
  34.25     56.25
 -81.25      8.25
 120.25     70.25
-111.25     66.25
  96.25     32.25
-111.25     50.25
  54.25     28.25
 -41.25    -21.25
 114.25     50.25
 122.25     50.25
  56.25     60.25
  28.25    -29.25
 -67.25     58.25
 -97.25     20.25
  30.25     -9.25
 -93.25     70.25
-159.25     64.25
 -91.25     64.25
  12.25     46.25
 122.25    -31.25
 -53.25    -25.25
  -5.25     32.25
  16.25     64.25
 140.25     72.25
  10.25     56.25
  98.25      2.25
 -39.25    -11.25
  82.25     30.25
-147.25     64.25
  88.25     62.25
-127.25     64.25
  82.25     68.25
 -71.25     46.25
-117.25     60.25
  16.25      0.25
  82.25     28.25
 -81.25     26.25
  28.25     50.25
  30.25     48.25
 -53.25     68.25
  44.25     64.25
-107.25     32.25
  16.25     50.25
 104.25     66.25
 148.25    -37.25
 -51.25     66.25
 -83.25     36.25
-105.25     34.25
  10.25      4.25
 118.25     34.25
 -67.25     80.25
  18.25    -11.25
 -63.25     58.25
  68.25     62.25
 120.25     44.25
 -67.25    -13.25
 -63.25     54.25
 100.25     46.25
 -93.25     62.25
 -99.25     48.25
  48.25     58.25
 146.25    -27.25
 -55.25     -3.25
  90.25     32.25
  -9.25      8.25
-105.25     22.25
  48.25     38.25
 124.25     64.25
 -63.25    -21.25
 100.25     78.25
   2.25     22.25
 126.25     50.25
  68.25     58.25
 160.25     64.25
  82.25     38.25
  28.25     22.25
 112.25     34.25
  38.25     -3.25
 -91.25     34.25
-109.25     56.25
  52.25     20.25
 132.25    -23.25
  -1.25     18.25
 -35.25     -7.25
 112.25     28.25
 -89.25     80.25
  -3.25     56.25
 -75.25     -5.25
  -3.25      8.25
 -99.25     24.25
 146.25     70.25
 -79.25     70.25
  28.25      2.25
  56.25     62.25
  30.25     26.25
  80.25     34.25
 -53.25     66.25
 136.25     48.25
   2.25     34.25
  14.25     28.25
 116.25     26.25
 132.25     54.25
-113.25     38.25
 116.25      2.25
 110.25     66.25
 118.25      4.25
 140.25     38.25
  18.25    -33.25
 130.25     48.25
  94.25     44.25
  78.25     12.25
 132.25    -25.25
  72.25     66.25
  14.25     64.25
  98.25     62.25
  88.25     64.25
 -99.25     26.25
  92.25     60.25
  82.25     20.25
 126.25     66.25
 124.25     -9.25
  98.25     70.25
 -83.25     14.25
 112.25     36.25
  52.25     66.25
  50.25     54.25
 112.25     40.25
  88.25     54.25
  80.25     36.25
 136.25     46.25
  92.25     48.25
  16.25     44.25
 144.25    -31.25
  52.25     22.25
 -73.25     18.25
 116.25     38.25
 -67.25     -5.25
   6.25     46.25
  10.25     30.25
 142.25     66.25
 -65.25    -21.25
 -65.25      2.25
 124.25    -27.25
 118.25     30.25
  -3.25     20.25
  18.25     14.25
  62.25     28.25
  22.25     22.25
 114.25     34.25
 -79.25     -1.25
  80.25     46.25
 -71.25    -53.25
  10.25     20.25
  98.25     46.25
  18.25     40.25
   2.25     14.25
  24.25     18.25
 112.25     22.25
  24.25      8.25
  42.25     20.25
  38.25     32.25
  28.25     40.25
  66.25     26.25
  62.25     30.25
-103.25     50.25
 116.25     28.25
 110.25     24.25
 124.25     44.25
  26.25     48.25
  98.25     32.25
 100.25     50.25
  84.25     28.25
  32.25      8.25
   4.25     22.25
-153.25     68.25
 -69.25    -51.25
 -99.25     28.25
-123.25     42.25
  66.25     46.25
  44.25      6.25
 132.25     48.25
  20.25     -9.25
 -75.25     48.25
 122.25     -1.25
  18.25      4.25
  54.25     36.25
 104.25     -3.25
  86.25     64.25
   8.25     12.25
  66.25     36.25
  20.25     52.25
 122.25     40.25
  28.25     62.25
  46.25     14.25
 -81.25     46.25
 118.25    -29.25
  48.25     64.25
 -63.25      6.25
  22.25    -17.25
 -95.25     44.25
 114.25      2.25
  62.25     42.25
 -61.25     50.25
 104.25     46.25
  56.25     46.25
 150.25     64.25
 -63.25    -15.25
 -43.25    -21.25
  -3.25     12.25
  72.25     34.25
-133.25     60.25
  28.25     14.25
 104.25     32.25
 152.25     62.25
 -87.25     34.25
-127.25     66.25
 120.25      0.25
  14.25     22.25
  98.25     40.25
  22.25     14.25
 114.25     68.25
  88.25     24.25
 128.25     64.25
 138.25     50.25
 -47.25    -17.25
 -65.25     44.25
  28.25     26.25
   6.25     48.25
  22.25     48.25
-101.25     52.25
 126.25    -17.25
  36.25      4.25
  16.25     18.25
 -81.25     50.25
  14.25     12.25
 100.25     16.25
-113.25     34.25
  22.25     42.25
 -93.25     32.25
  -5.25     38.25
  22.25     40.25
   6.25     60.25
  66.25     52.25
  92.25     52.25
  24.25    -23.25
-121.25     60.25
  38.25      2.25
  26.25     -3.25
   6.25     14.25
 138.25     48.25
 -79.25     -5.25
 -63.25    -19.25
 104.25     12.25
-105.25     20.25
-111.25     24.25
  48.25     50.25
 -73.25    -51.25
-111.25     36.25
 -63.25     56.25
  64.25     56.25
  26.25     70.25
  10.25     24.25
 120.25     28.25
  26.25     54.25
  36.25     58.25
   2.25     16.25
 -53.25    -27.25
 -73.25     58.25
  26.25     -9.25
 -73.25     62.25
  38.25    -11.25
  74.25     16.25
-129.25     66.25
 110.25     60.25
  18.25      0.25
 142.25     64.25
 -99.25     30.25
 110.25     54.25
 -91.25     46.25
  82.25     64.25
 -75.25     10.25
 -69.25    -27.25
 -99.25     62.25
-119.25     58.25
-109.25     36.25
  26.25      4.25
 -11.25     14.25
 -71.25     -9.25
  68.25     28.25
  -7.25     16.25
-163.25     60.25
  54.25     68.25
-115.25     42.25
  22.25     18.25
  76.25     66.25
  44.25      2.25
 106.25     30.25
  32.25     68.25
  34.25     58.25
  76.25     18.25
  62.25     26.25
 -93.25     54.25
-107.25     58.25
 124.25     48.25
-117.25     40.25
 -63.25     -1.25
  36.25    -15.25
 112.25     46.25
  58.25     56.25
 118.25     66.25
 142.25     50.25
 112.25     38.25
 106.25     66.25
  50.25     18.25
  94.25     58.25
   0.25     26.25
-101.25     46.25
  18.25     16.25
  30.25     68.25
  18.25     28.25
-115.25     58.25
 -53.25    -23.25
  24.25     66.25
 -59.25    -15.25
  74.25     50.25
 -65.25      4.25
  18.25     48.25
  14.25     32.25
  20.25     -5.25
  14.25      0.25
 118.25     70.25
-109.25     42.25
  90.25     70.25
 -83.25     48.25
  10.25     -1.25
 -57.25    -33.25
  42.25     28.25
  54.25     56.25
  20.25    -23.25
-119.25     76.25
 -71.25     44.25
 -75.25     -1.25
-111.25     78.25
 158.25     68.25
-115.25     68.25
 -67.25      6.25
-103.25     78.25
 -57.25     -3.25
 130.25    -15.25
 146.25     62.25
  94.25     42.25
  54.25     34.25
 148.25    -31.25
 120.25     48.25
  24.25     46.25
  84.25     52.25
 112.25     72.25
 112.25     26.25
  12.25     44.25
  94.25     34.25
 170.25     62.25
 -49.25     -7.25
-147.25     62.25
  24.25    -19.25
  30.25     54.25
-107.25     64.25
-123.25     58.25
  50.25     60.25
  28.25     30.25
 124.25     68.25
 -57.25     48.25
 -63.25     50.25
 102.25     16.25
  96.25     34.25
  -3.25     18.25
 172.25     62.25
  42.25      0.25
   4.25     36.25
  10.25     54.25
  82.25     56.25
  30.25    -15.25
 -71.25     58.25
-123.25     54.25
 -91.25     76.25
  24.25    -17.25
  72.25     72.25
-157.25     70.25
  60.25     48.25
 -71.25     -7.25
-129.25     56.25
 130.25    -21.25
-113.25     32.25
  26.25      8.25
  36.25      0.25
-103.25     48.25
 150.25     68.25
 -15.25     14.25
-109.25     32.25
 144.25    -17.25
  32.25     18.25
  14.25     -5.25
  76.25     34.25
 100.25     60.25
 -69.25    -41.25
  72.25     58.25
  28.25      0.25
 132.25     64.25
  -3.25     52.25
 -73.25     52.25
 102.25     78.25
  10.25     14.25
 -95.25     58.25
-105.25     66.25
-103.25     52.25
   2.25     36.25
   8.25     36.25
  16.25    -19.25
 -77.25     58.25
  56.25     52.25
 114.25     56.25
 102.25     68.25
 116.25    -29.25
  50.25     30.25
 -95.25     16.25
 -83.25     72.25
 136.25    -13.25
-111.25     48.25
 -53.25    -33.25
  82.25     26.25
 142.25    -27.25
 102.25     72.25
 -89.25     42.25
 112.25     30.25
-117.25     62.25
   8.25     20.25
-131.25     66.25
-119.25     34.25
  64.25     32.25
  54.25     64.25
 166.25     62.25
 -41.25     -3.25
  56.25     64.25
 -55.25     72.25
 -49.25    -21.25
 174.25    -35.25
  58.25     38.25
  78.25     30.25
 136.25    -31.25
  74.25     30.25
  30.25    -27.25
  50.25     20.25
  80.25     40.25
  54.25     24.25
 156.25     56.25
   6.25      8.25
-151.25     62.25
  76.25     42.25
 -57.25     50.25
 120.25     58.25
 102.25     42.25
 130.25     70.25
  98.25     30.25
 130.25     50.25
  36.25     -9.25
  22.25     26.25
 -75.25     38.25
 -45.25    -15.25
 -89.25     38.25
-121.25     38.25
 124.25     52.25
-105.25     28.25
  50.25     48.25
-107.25     44.25
 -55.25    -33.25
 -65.25    -19.25
 164.25     62.25
  22.25     -3.25
  46.25     16.25
-107.25     66.25
  24.25     24.25
  24.25      4.25
  70.25     28.25
-155.25     60.25
   8.25     58.25
  72.25     52.25
  18.25     60.25
 104.25     78.25
 114.25     28.25
  70.25     62.25
 112.25     56.25
  52.25     54.25
 -75.25     -7.25
 140.25    -33.25
  58.25     62.25
 130.25     66.25
 -39.25    -15.25
 -61.25    -33.25
 144.25     -7.25
 -93.25     64.25
  92.25     44.25
  92.25     72.25
 -67.25    -43.25
  34.25    -15.25
 -85.25     46.25
  24.25     22.25
  64.25     28.25
-121.25     40.25
 128.25     48.25
 -75.25      6.25
 128.25     42.25
 148.25    -29.25
 -49.25    -27.25
 138.25    -23.25
-103.25     42.25
 126.25     38.25
 170.25     64.25
 -37.25     -7.25
  78.25     54.25
 -77.25     40.25
-125.25     52.25
-139.25     64.25
 122.25    -29.25
 116.25     62.25
  76.25     52.25
 130.25    -27.25
-105.25     40.25
 130.25     58.25
 -59.25      0.25
 138.25     70.25
  -9.25     26.25
  98.25     38.25
 124.25    -21.25
  32.25     26.25
  72.25     32.25
 162.25     56.25
 150.25    -27.25
 -81.25     44.25
 100.25     56.25
  30.25     -5.25
 110.25     34.25
  26.25     68.25
  30.25     50.25
 -77.25     42.25
  18.25     22.25
  68.25     70.25
 122.25     54.25
 162.25     66.25
-103.25     60.25
 -55.25     82.25
  54.25     54.25
 156.25     70.25
  68.25     30.25
 -67.25    -47.25
  28.25      4.25
 -73.25     64.25
 -85.25     38.25
  60.25     34.25
  36.25     28.25
 -65.25      0.25
 -11.25     10.25
  98.25     28.25
-121.25     36.25
 128.25     36.25
 116.25     48.25
 -95.25     80.25
  86.25     36.25
 110.25     68.25
  72.25     28.25
 -63.25      4.25
 -95.25     72.25
  98.25     42.25
 158.25     52.25
  52.25     18.25
 108.25     38.25
 -61.25    -21.25
 -57.25    -23.25
 126.25     54.25
 114.25     64.25
  20.25     44.25
  -1.25     38.25
  12.25      4.25
  40.25     36.25
 -89.25     64.25
 116.25     30.25
 -89.25     34.25
  96.25     38.25
 -71.25      6.25
 112.25     32.25
  84.25     46.25
  32.25     22.25
 106.25     74.25
 114.25     52.25
  26.25     20.25
 100.25     64.25
 -65.25    -27.25
 154.25     66.25
 -67.25      8.25
  32.25     -3.25
  48.25     24.25
  32.25    -21.25
  12.25     52.25
 172.25     64.25
  -3.25      6.25
 -79.25     22.25
  44.25     20.25
 172.25    -41.25
 -63.25    -13.25
 -63.25     -5.25
  76.25     24.25
  40.25     28.25
  70.25     50.25
-115.25     36.25
 -53.25      2.25
-115.25     64.25
   4.25     28.25
  44.25     58.25
  94.25     32.25
 108.25     36.25
 -13.25     12.25
  12.25     26.25
  14.25     10.25
  42.25     12.25
  44.25     16.25
  30.25     62.25
  80.25     24.25
 -25.25     70.25
 136.25     70.25
  90.25     46.25
 132.25    -15.25
 -65.25    -31.25
  74.25     24.25
  54.25     46.25
 146.25    -19.25
   2.25     46.25
 -91.25     18.25
  96.25     48.25
   6.25     32.25
  40.25     44.25
 104.25     -5.25
 -11.25     24.25
 116.25     68.25
  28.25      8.25
  24.25     54.25
  18.25     52.25
  40.25      2.25
  18.25     20.25
  94.25     48.25
 -97.25     34.25
  56.25     32.25
 152.25     70.25
-103.25     46.25
-137.25     66.25
 106.25     76.25
-127.25     50.25
 132.25     46.25
  18.25     54.25
  40.25    -13.25
-111.25     60.25
-109.25     30.25
  74.25     70.25
-113.25     50.25
  34.25     68.25
 116.25      0.25
  54.25     44.25
 120.25    -27.25
 122.25     42.25
 128.25     50.25
 102.25     66.25
  28.25     20.25
  88.25     22.25
  50.25     10.25
 136.25    -29.25
-109.25     48.25
  46.25     24.25
  82.25     52.25
  26.25    -23.25
 108.25     76.25
  80.25     16.25
  46.25     36.25
  80.25     48.25
  38.25     -5.25
  28.25    -19.25
 -51.25    -15.25
-109.25     58.25
 106.25     24.25
 130.25     64.25
  -3.25     40.25
  46.25     60.25
 -79.25     36.25
  24.25     58.25
 124.25     56.25
  14.25      4.25
 104.25     70.25
  22.25     58.25
-107.25     50.25
  50.25     58.25
  46.25     64.25
-141.25     62.25
  30.25      8.25
  58.25     44.25
  -7.25     40.25
 124.25      6.25
 -61.25    -15.25
 -57.25     52.25
 -73.25    -47.25
 156.25     66.25
 116.25      6.25
 -13.25     10.25
  20.25     64.25
 -73.25     46.25
-123.25     64.25
  20.25     -1.25
   6.25      6.25
-101.25     40.25
  16.25    -15.25
  22.25     60.25
 106.25     54.25
   8.25     18.25
-121.25     42.25
  24.25     -1.25
  24.25     44.25
 124.25     62.25
 -59.25     54.25
  62.25     40.25
  38.25     -9.25
-113.25     70.25
 138.25     58.25
  -9.25     20.25
 -87.25     14.25
  38.25     58.25
 -67.25     -9.25
  58.25     60.25
  96.25     20.25
-125.25     66.25
  84.25     48.25
 112.25      2.25
 138.25     62.25
  94.25     46.25
  40.25     34.25
 106.25     46.25
 144.25    -19.25
  -5.25     50.25
  66.25     50.25
   2.25     24.25
  86.25     42.25
  88.25     58.25
-125.25     54.25
 -67.25    -45.25
   0.25      8.25
  16.25      4.25
  34.25     22.25
 -59.25    -37.25
  22.25     -1.25
  96.25     30.25
  46.25     34.25
  20.25     68.25
 108.25     12.25
  52.25     64.25
-123.25     40.25
-113.25     66.25
 -13.25     18.25
 124.25    -17.25
 120.25     52.25
 106.25     50.25
 -39.25    -13.25
 112.25     42.25
 -63.25     -9.25
  78.25     56.25
  56.25     36.25
 128.25    -25.25
  96.25     72.25
 146.25    -33.25
 102.25     12.25
  56.25     30.25
 122.25     70.25
-113.25     44.25
-107.25     62.25
-103.25     64.25
  32.25     62.25
-155.25     68.25
 -55.25    -17.25
  28.25     38.25
  14.25     16.25
-109.25     54.25
  28.25    -31.25
  28.25     68.25
 -53.25     -7.25
  26.25     52.25
 122.25     48.25
-121.25     74.25
  -5.25     34.25
-149.25     62.25
  44.25    -17.25
  44.25     24.25
-157.25     64.25
 -67.25    -23.25
 104.25     72.25
  20.25    -19.25
 174.25    -41.25
   0.25     42.25
 -69.25      6.25
  84.25     72.25
 -45.25     -3.25
 114.25    -25.25
 -75.25     42.25
 -69.25    -11.25
  -9.25     12.25
  26.25    -33.25
  92.25     74.25
   0.25     32.25
 120.25     36.25
  96.25     66.25
 154.25     64.25
 -55.25      0.25
  78.25     46.25
 -59.25    -21.25
 -99.25     36.25
  56.25     74.25
  60.25     50.25
 142.25     44.25
  40.25     10.25
 -55.25    -31.25
  22.25    -15.25
  24.25     60.25
 102.25     14.25
-107.25     30.25
  42.25     18.25
  30.25      0.25
  32.25      2.25
-103.25     70.25
-107.25     38.25
  92.25     58.25
 -87.25     54.25
  64.25     52.25
 -59.25    -27.25
  -3.25     10.25
  22.25     20.25
  12.25     -1.25
  62.25     44.25
-173.25     64.25
  66.25     30.25
  94.25     16.25
  -7.25     20.25
 -69.25    -15.25
  22.25    -33.25
  92.25     34.25
  20.25    -13.25
 110.25     70.25
 128.25     62.25
 -73.25     -1.25
  24.25     38.25
 -47.25    -19.25
  40.25    -11.25
  70.25     72.25
  12.25    -15.25
-127.25     68.25
  82.25     54.25
 106.25     10.25
 114.25     48.25
   2.25     28.25
  84.25     22.25
-131.25     64.25
 -71.25    -49.25
  24.25    -11.25
  14.25     60.25
 -11.25     22.25
  78.25     10.25
  40.25     -1.25
  26.25     66.25
 130.25    -13.25
 -61.25      6.25
 138.25     66.25
  20.25     -7.25
 104.25     62.25
  22.25     68.25
 -85.25     64.25
   0.25     22.25
  26.25      2.25
  22.25    -11.25
 -67.25     46.25
  62.25     36.25
  36.25     10.25
   4.25     24.25
 112.25     48.25
  88.25     38.25
 -77.25     38.25
 -89.25     48.25
 160.25     62.25
 -61.25    -29.25
  38.25     34.25
  84.25     26.25
 104.25     56.25
 140.25     -5.25
 -95.25     42.25
-113.25     42.25
 -97.25     18.25
  60.25     30.25
  56.25     66.25
   2.25      8.25
-121.25     58.25
-141.25     66.25
 160.25     66.25
 134.25    -23.25
  12.25      0.25
 100.25     48.25
  66.25     48.25
 132.25    -31.25
  10.25      6.25
 -83.25     82.25
 -93.25     40.25
  24.25     56.25
  78.25     72.25
-125.25     72.25
  88.25     26.25
  56.25     54.25
  70.25     70.25
 -51.25    -25.25
 128.25    -19.25
 -63.25    -39.25
 -69.25    -39.25
-125.25     50.25
  32.25      0.25
 138.25     36.25
  98.25     48.25
-111.25     34.25
   4.25     46.25
-137.25     60.25
 -67.25    -37.25
-103.25     24.25
   6.25     18.25
 104.25     44.25
  36.25    -17.25
  50.25     24.25
 142.25    -11.25
  90.25     38.25
 120.25     34.25
  60.25     42.25
   4.25     10.25
 106.25     60.25
-105.25     54.25
  16.25     66.25
 120.25     66.25
 -45.25    -19.25
  56.25     34.25
  -7.25     38.25
  62.25     50.25
  94.25     56.25
 -81.25     34.25
-111.25     46.25
  -9.25     28.25
-171.25     66.25
 140.25     64.25
  34.25     60.25
-117.25     48.25
 -69.25     52.25
 130.25     52.25
  66.25     64.25
 -91.25     56.25
  18.25     44.25
 -77.25     62.25
  98.25     72.25
 -75.25     -9.25
 -75.25    -13.25
  22.25     12.25
   0.25     34.25
-159.25     60.25
 -71.25      2.25
   6.25     22.25
 -73.25    -45.25
 144.25     -5.25
  -9.25     32.25
 108.25     26.25
 -63.25    -27.25
-115.25     54.25
  30.25     10.25
 132.25    -27.25
  44.25     48.25
  10.25     44.25
 108.25     44.25
 126.25     58.25
  60.25     56.25
 130.25     -3.25
  -7.25     32.25
 116.25    -31.25
 -47.25     -9.25
 -49.25    -25.25
  22.25    -23.25
-117.25     68.25
  50.25     52.25
 132.25     58.25
 -85.25     72.25
  12.25     28.25
  28.25     56.25
  22.25      8.25
 -71.25     50.25
 118.25    -25.25
  90.25     58.25
  86.25     60.25
 102.25     62.25
 -61.25    -13.25
  26.25    -31.25
   8.25     10.25
 -95.25     38.25
  28.25     46.25
 112.25     50.25
  18.25    -17.25
  40.25     20.25
 110.25     52.25
 134.25     70.25
  96.25     74.25
  88.25     46.25
 166.25     60.25
   6.25     20.25
  66.25     62.25
 -53.25    -19.25
  20.25    -21.25
 162.25     64.25
 -53.25    -13.25
-115.25     52.25
  36.25     32.25
 -89.25     16.25
 -47.25    -11.25
 172.25     68.25
  10.25     64.25
 120.25    -29.25
 -83.25     70.25
  12.25     32.25
  86.25     70.25
 118.25     56.25
 -91.25     78.25
  72.25     44.25
  -9.25     30.25
  94.25     64.25
   8.25     16.25
 138.25     -3.25
 124.25     70.25
  88.25     60.25
  96.25     70.25
  74.25     44.25
  44.25     22.25
 -71.25      8.25
  30.25     56.25
-113.25     28.25
-107.25     54.25
-119.25     54.25
-179.25     68.25
 116.25     40.25
  20.25      0.25
  74.25     64.25
 -65.25    -43.25
  70.25     66.25
  98.25     66.25
 122.25     68.25
  16.25     -7.25
 -59.25    -31.25
 104.25     64.25
  68.25     64.25
 120.25     56.25
  18.25     66.25
 -61.25    -27.25
-105.25     44.25
  28.25     -3.25
-105.25     46.25
 -85.25     80.25
  -7.25     12.25
   0.25     10.25
 -95.25     40.25
 144.25     72.25
 -67.25     -1.25
 140.25     40.25
-147.25     68.25
  86.25     52.25
 -97.25     68.25
-113.25     76.25
  62.25     64.25
 102.25     58.25
 172.25     66.25
 118.25     48.25
 -65.25    -37.25
  76.25     26.25
 104.25     52.25
 -79.25     54.25
 122.25    -19.25
  -1.25     44.25
  52.25     34.25
 -61.25     -1.25
  24.25      6.25
  86.25     44.25
-115.25     32.25
  18.25    -23.25
-101.25     72.25
  86.25     48.25
 -43.25    -17.25
 178.25     68.25
 146.25    -31.25
  68.25     42.25
  40.25      8.25
 -83.25     64.25
 126.25    -21.25
-101.25     44.25
  16.25    -11.25
 -91.25     42.25
  16.25     24.25
 -49.25     82.25
  32.25    -23.25
  82.25     18.25
  84.25     30.25
  34.25     -5.25
  26.25     42.25
 110.25     22.25
 100.25     28.25
 108.25     66.25
  86.25     58.25
-127.25     60.25
-113.25     36.25
 116.25    -27.25
  66.25     58.25
 144.25    -23.25
  16.25     68.25
-103.25     44.25
 126.25     40.25
 -93.25     50.25
 108.25     72.25
  44.25    -23.25
-119.25     38.25
 118.25     32.25
  84.25     34.25
 112.25     74.25
-105.25     52.25
  98.25     54.25
 120.25     -1.25
  98.25     18.25
  48.25     46.25
 -95.25     46.25
 -63.25    -25.25
  16.25    -23.25
  70.25     48.25
  -7.25     42.25
  -1.25     12.25
  36.25     22.25
 130.25    -29.25
 106.25     32.25
 106.25     20.25
 -75.25     40.25
 -81.25     80.25
 128.25     58.25
  68.25     26.25
  52.25     50.25
  96.25     36.25
   8.25     60.25
 -59.25     -9.25
-111.25     72.25
 140.25    -35.25
 120.25     54.25
  30.25     38.25
-109.25     66.25
 -73.25     -9.25
 116.25    -23.25
 -83.25     80.25
 -15.25     24.25
-129.25     62.25
  38.25    -15.25
 -93.25     52.25
  34.25     48.25
 142.25     62.25
  80.25      8.25
  -5.25     18.25
  92.25     38.25
  22.25     50.25
 -95.25     54.25
  70.25     32.25
-127.25     56.25
 162.25     60.25
-117.25     42.25
  88.25     34.25
 -51.25    -31.25
  -1.25     26.25
  40.25     46.25
-111.25     40.25
  96.25     56.25
 142.25    -15.25
  34.25     24.25
 104.25     60.25
 138.25    -19.25
 132.25     44.25
 -65.25    -35.25
 118.25    -31.25
-105.25     64.25
   8.25     62.25
 -41.25    -15.25
 -45.25    -11.25
  96.25     42.25
 -85.25     82.25
 136.25     66.25
  56.25     18.25
  96.25     54.25
-121.25     52.25
 -77.25      8.25
  42.25     24.25
 120.25    -33.25
  58.25     52.25
  34.25     -7.25
  84.25     50.25
  56.25     44.25
 118.25     50.25
  74.25     54.25
  58.25     26.25
 136.25     62.25
-117.25     56.25
 178.25     64.25
  48.25     62.25
  96.25     22.25
 106.25     36.25
  98.25     36.25
  44.25     40.25
 -73.25     -7.25
-107.25     34.25
 -39.25     -5.25
 -69.25      2.25
   4.25     14.25
-115.25     34.25
 -75.25     68.25
 110.25     64.25
  22.25     38.25
 -91.25     30.25
-123.25     56.25
  48.25     18.25
  16.25     54.25
  30.25     12.25
 -15.25     64.25
  22.25     -9.25
 -77.25     36.25
-115.25     62.25
-127.25     70.25
-117.25     34.25
  48.25     32.25
-103.25     36.25
  94.25     60.25
 116.25     32.25
  96.25     52.25
 -99.25     60.25
 134.25    -19.25
 -61.25      8.25
 146.25    -37.25
 -69.25    -21.25
  -3.25     14.25
  94.25     62.25
 120.25    -21.25
  90.25     62.25
-173.25     66.25
  -5.25     10.25
 140.25    -29.25
 -71.25    -37.25
-101.25     42.25
  28.25    -13.25
  40.25      6.25
 104.25     42.25
  18.25      2.25
-105.25     58.25
  20.25    -25.25
 -41.25    -11.25
 136.25    -19.25
-117.25     64.25
 124.25    -23.25
 -67.25    -19.25
  58.25     28.25
 120.25     32.25
  20.25     30.25
 -67.25    -25.25
  94.25     52.25
 -79.25     48.25
-131.25     60.25
  -3.25     48.25
  42.25     54.25
  76.25     58.25
  74.25     38.25
  28.25    -23.25
 116.25     52.25
-135.25     64.25
  36.25    -11.25
 -99.25     50.25
  44.25      4.25
  76.25     64.25
 -71.25     -5.25
-117.25     54.25
 142.25     60.25
  24.25     26.25
  22.25     10.25
  16.25     26.25
  70.25     68.25
 170.25     66.25
  98.25     44.25
 134.25     60.25
 -85.25     42.25
-145.25     64.25
  54.25     62.25
 142.25     52.25
 104.25     26.25
 142.25    -35.25
  52.25     68.25
   6.25     34.25
  30.25    -13.25
  20.25     46.25
  44.25     36.25
 -95.25     66.25
  -5.25     40.25
 -83.25     40.25
  94.25     72.25
 134.25     68.25
  38.25     16.25
  44.25     52.25
 112.25     -7.25
  20.25      8.25
 122.25     52.25
-161.25     70.25
 -49.25    -15.25
  20.25    -29.25
 110.25     62.25
 -71.25    -11.25
  32.25     56.25
 124.25    -31.25
 -67.25      4.25
 152.25     66.25
  14.25     48.25
  82.25     58.25
  90.25     74.25
  84.25     64.25
 130.25     42.25
-133.25     66.25
  16.25     16.25
 -51.25      0.25
  -5.25     24.25
  24.25     30.25
  94.25     28.25
 102.25     36.25
 -59.25     52.25
  24.25     42.25
  98.25     16.25
 -57.25    -13.25
  16.25    -25.25
  16.25      8.25
 -99.25     54.25
 -95.25     78.25
-107.25     28.25
 176.25     68.25
 130.25    -23.25
-153.25     62.25
  -1.25      6.25
  42.25      6.25
  34.25     16.25
 -57.25    -15.25
 132.25     60.25
  30.25     58.25
 116.25    -25.25
  56.25     50.25
  48.25     34.25
 -91.25     14.25
-123.25     66.25
 -13.25     22.25
 -69.25      0.25
 -67.25      0.25
-155.25     64.25
  44.25     10.25
  18.25     12.25
 156.25     62.25
 106.25     18.25
 -61.25      0.25
 128.25    -29.25
  42.25     60.25
 140.25     62.25
  34.25      4.25
  36.25     20.25
 112.25     62.25
  20.25     10.25
  98.25     26.25
-151.25     68.25
  20.25    -33.25
  26.25     64.25
 -91.25     38.25
  32.25    -25.25
 112.25     58.25
 -71.25     64.25
 -71.25     -1.25
-111.25     56.25
 140.25     36.25
  10.25     32.25
  70.25     52.25
  30.25     52.25
  22.25     62.25
  14.25     62.25
  58.25     50.25
  28.25     -1.25
  18.25    -19.25
  60.25     64.25
 -23.25     72.25
  24.25     62.25
 -39.25     -9.25
  96.25     68.25
  14.25     26.25
  12.25     16.25
 156.25     54.25
  70.25     30.25
  44.25     42.25
  80.25     64.25
  46.25      8.25
  42.25     10.25
 -59.25    -17.25
-117.25     50.25
 -49.25    -19.25
 -93.25     36.25
 132.25     70.25
  12.25     -5.25
 -97.25     16.25
 -93.25     16.25
  90.25     44.25
 166.25     66.25
-179.25     66.25
  72.25     40.25
  26.25     22.25
   0.25     14.25
 108.25     74.25
  94.25     74.25
 146.25    -43.25
 -95.25     18.25
  34.25      2.25
  94.25     68.25
  38.25     50.25
 -65.25     48.25
 -77.25     -5.25
  54.25     52.25
 -61.25     54.25
  40.25     54.25
 -49.25    -17.25
  76.25     12.25
  92.25     68.25
  90.25     42.25
  84.25     62.25
 -79.25      0.25
 -67.25    -49.25
 122.25     44.25
 108.25     54.25
-133.25     64.25
 126.25     70.25
   6.25     36.25
 -69.25     70.25
 -89.25     52.25
 -99.25     22.25
  44.25     34.25
  70.25     42.25
 -99.25     20.25
 -91.25     44.25
 -99.25     40.25
  20.25    -11.25
 134.25    -31.25
-149.25     68.25
 -97.25     60.25
 110.25     32.25
 -69.25    -35.25
 132.25     50.25
-107.25     24.25
   0.25     12.25
  60.25     32.25
-109.25     34.25
  78.25     16.25
 -23.25     80.25
-107.25     68.25
  36.25     -3.25
 -79.25     -7.25
 -79.25     50.25
 124.25    -19.25
 -67.25     64.25
 108.25     56.25
  32.25     38.25
  78.25     40.25
  10.25     16.25
 168.25    -45.25
  94.25     36.25
 -49.25    -11.25
  52.25     48.25
 -73.25    -41.25
  30.25    -23.25
  40.25     38.25
   4.25     34.25
  90.25     50.25
-131.25     58.25
   6.25     12.25
   2.25     30.25
   0.25     48.25
 150.25     66.25
  62.25     34.25
   6.25     44.25
  20.25    -15.25
 128.25     70.25
 -25.25     72.25
 -57.25    -21.25
-161.25     60.25
 142.25    -25.25
  62.25     48.25
  58.25     40.25
 -65.25     64.25
 110.25     28.25
 -91.25     48.25
  -9.25     10.25
 -13.25     16.25
 120.25    -31.25
  60.25     62.25
   4.25     48.25
  78.25     42.25
   0.25     46.25
 -67.25     50.25
  16.25     60.25
  26.25     18.25
  84.25     60.25
  26.25     46.25
-149.25     70.25
  28.25    -27.25
 -63.25    -33.25
 148.25     66.25
  20.25     26.25
-143.25     66.25
 -61.25     52.25
-151.25     70.25
  74.25     40.25
-107.25     42.25
 -15.25     16.25
 -53.25      0.25
 174.25     68.25
 102.25     46.25
  78.25     44.25
 130.25     46.25
  84.25     40.25
  52.25     36.25
  -5.25     58.25
  -1.25     40.25
  42.25     26.25
-115.25     66.25
 -67.25     -7.25
-113.25     40.25
 150.25    -23.25
 124.25     50.25
  74.25     48.25
  82.25     24.25
  38.25     -1.25
  84.25     44.25
  84.25     66.25
 -47.25     -3.25
 116.25     56.25
  18.25    -15.25
 -57.25    -37.25
  70.25     26.25
-127.25     52.25
-103.25     30.25
-147.25     66.25
   8.25     32.25
  10.25     50.25
 102.25     74.25
 102.25     48.25
  40.25     12.25
 114.25     60.25
 -57.25    -11.25
  52.25     62.25
 108.25     14.25
 -11.25     28.25
 -77.25     -9.25
 -77.25     -1.25
  86.25     50.25
  40.25     60.25
 -67.25     18.25
 126.25     46.25
  46.25     28.25
  92.25     26.25
 -67.25    -33.25
  92.25     56.25
   2.25     44.25
 148.25     70.25
  32.25      4.25
  42.25     42.25
  -5.25     22.25
 -53.25     82.25
  34.25     30.25
-101.25     58.25
   2.25     10.25
 164.25     66.25
  12.25     14.25
  28.25     48.25
 -69.25     -1.25
-103.25     28.25
 -91.25     50.25
   4.25     18.25
 146.25    -35.25
-105.25     70.25
 -99.25     72.25
 -49.25     -9.25
 102.25     34.25
-105.25     36.25
  98.25     20.25
  40.25     14.25
  24.25     10.25
 -11.25     16.25
 136.25     54.25
 -75.25     52.25
 126.25    -23.25
  28.25     66.25
   2.25     26.25
-125.25     56.25
 -79.25     72.25
  44.25     68.25
 136.25    -21.25
 -63.25    -31.25
  20.25     18.25
  26.25     30.25
 114.25     36.25
  50.25     56.25
 148.25    -25.25
-133.25     68.25
  20.25      4.25
 136.25    -33.25
  -3.25     24.25
  98.25      4.25
  80.25     20.25
-107.25     72.25
 144.25     60.25
 -65.25    -13.25
  -3.25     54.25
 158.25     56.25
  24.25     16.25
 -99.25     32.25
 114.25      4.25
  36.25     60.25
-159.25     68.25
  60.25     60.25
 -51.25      2.25
 110.25      0.25
 142.25     48.25
-115.25     72.25
 -51.25     68.25
-155.25     58.25
 114.25     58.25
  30.25     30.25
 -93.25     56.25
  10.25      8.25
 -53.25    -17.25
 -97.25     48.25
 126.25     64.25
  20.25     22.25
 -59.25     -5.25
  38.25     14.25
-113.25     52.25
 128.25     56.25
 102.25     60.25
  46.25     20.25
  30.25    -19.25
 132.25     66.25
  18.25     -9.25
  34.25     18.25
 144.25    -15.25
-165.25     62.25
-105.25     56.25
  32.25     20.25
-111.25     38.25
  86.25     20.25
 -65.25    -11.25
-119.25     48.25
  38.25    -13.25
  -9.25     54.25
-113.25     72.25
  20.25     12.25
  86.25     46.25
 -15.25     66.25
 132.25    -17.25
 -41.25     -9.25
 -87.25     46.25
-129.25     58.25
  88.25     44.25
  98.25     22.25
 -67.25    -31.25
  38.25     28.25
 -65.25    -17.25
-163.25     62.25
 -83.25     38.25
  46.25      4.25
-119.25     74.25
  16.25     -9.25
  48.25     26.25
  40.25     32.25
   2.25     32.25
  24.25     64.25
  64.25     62.25
-119.25     60.25
-163.25     68.25
 -71.25    -43.25
 -69.25    -55.25
 -15.25     20.25
-101.25     20.25
-157.25     68.25
  40.25     30.25
 -97.25     32.25
-105.25     60.25
 106.25     12.25
  84.25     38.25
  52.25     56.25
  74.25     52.25
  72.25     60.25
  28.25    -15.25
-101.25     62.25
-117.25     58.25
  48.25     14.25
  32.25      6.25
  36.25     40.25
 -77.25     18.25
  20.25     40.25
-153.25     70.25
  48.25     66.25
 -89.25     44.25
 134.25     58.25
-111.25     62.25
 118.25     40.25
 -49.25    -13.25
-115.25     70.25
 142.25     -3.25
 -55.25    -25.25
 146.25    -29.25
-101.25     78.25
 -63.25     82.25
-105.25     62.25
  28.25     18.25
-115.25     56.25
 144.25    -35.25
-115.25     76.25
  96.25     40.25
 -47.25     82.25
  22.25    -13.25
 142.25    -17.25
 -77.25     48.25
 -67.25     66.25
  32.25     58.25
 144.25    -27.25
-143.25     62.25
   8.25     28.25
-101.25     48.25
  66.25     42.25
 106.25     70.25
 128.25    -21.25
  22.25     -5.25
 -57.25     -1.25
  16.25     -5.25
 116.25     36.25
 170.25    -45.25
  28.25     10.25
  28.25      6.25
 -43.25     -3.25
  36.25     30.25
 -69.25     78.25
 122.25    -17.25
 108.25     50.25
 140.25     50.25
 -39.25     -7.25
 -77.25     52.25
 -75.25      0.25
 102.25     76.25
  82.25     34.25
  78.25     66.25
 -15.25     18.25
-111.25     28.25
 -51.25     82.25
 -75.25      4.25
  16.25     -1.25
  40.25      0.25
  32.25    -19.25
-127.25     58.25
-117.25     46.25
 -55.25    -27.25
 -53.25     -1.25
  36.25     12.25
  90.25     40.25
 150.25     60.25
 -79.25     38.25
  68.25     56.25
  38.25     46.25
 104.25     74.25
  42.25     46.25
 -55.25    -15.25
  38.25     66.25
 104.25     68.25
 -97.25     64.25
  -5.25     14.25
  12.25     62.25
 114.25     44.25
  54.25     18.25
  74.25     60.25
 -63.25     52.25
   0.25     20.25
  70.25     24.25
  76.25     14.25
-101.25     50.25
 -85.25     34.25
 -45.25    -21.25
-123.25     60.25
   8.25     52.25
  -1.25     32.25
  64.25     66.25
 118.25     72.25
-151.25     60.25
  46.25     50.25
 -73.25     68.25
  22.25     70.25
 -77.25     46.25
  26.25     16.25
  84.25     54.25
 120.25     60.25
  82.25     32.25
  50.25     34.25
 138.25    -33.25
-111.25     32.25
  56.25     68.25
  12.25     48.25
  48.25     54.25
 -59.25      6.25
  72.25     56.25
  86.25     24.25
  22.25     54.25
  46.25     22.25
  64.25     68.25
 -73.25     -3.25
 -55.25     -5.25
 100.25     24.25
 -73.25    -13.25
  16.25      6.25
 -45.25    -17.25
 124.25    -25.25
  16.25     12.25
 -71.25      0.25
  44.25     46.25
 102.25     64.25
  -7.25     22.25
 -75.25    -11.25
 142.25     -5.25
  14.25     24.25
  88.25     48.25
  40.25    -15.25
   6.25     24.25
   2.25     42.25
  58.25     74.25
  -5.25     28.25
  90.25     22.25
-121.25     48.25
 164.25     60.25
  76.25     68.25
 -49.25     -1.25
  80.25     38.25
 148.25     64.25
 134.25     66.25
  14.25     52.25
  30.25     16.25
 -71.25    -41.25
-101.25     66.25
  40.25     58.25
  -3.25     34.25
  14.25     -7.25
  14.25     50.25
   0.25      6.25
  22.25     -7.25
 -63.25     -3.25
  10.25     48.25
  56.25     42.25
  96.25     26.25
  90.25     60.25
 -89.25     30.25
-119.25     36.25
  28.25    -25.25
  14.25     14.25
 -67.25    -39.25
 -79.25     42.25
 -61.25    -17.25
  60.25     58.25
  84.25     68.25
 106.25     14.25
 104.25     22.25
 160.25     54.25
 118.25     26.25
 -45.25     -9.25
  86.25     22.25
  96.25     60.25
  92.25     50.25
-107.25     60.25
 124.25     58.25
-101.25     36.25
 162.25     62.25
 138.25    -29.25
 -97.25     50.25
 -91.25     32.25
 128.25     66.25
 -97.25     54.25
  48.25     36.25
  34.25    -11.25
  38.25     52.25
 -91.25     68.25
  -3.25     22.25
  62.25     38.25
 -61.25     -3.25
 -83.25     68.25
 -85.25     14.25
  26.25     -5.25
 -41.25     -5.25
  74.25     26.25
-109.25     28.25
 -51.25    -29.25
  10.25     26.25
 100.25     36.25
  66.25     44.25
  56.25     22.25
  30.25     60.25
  76.25     56.25
  38.25     30.25
 -85.25     40.25
 -37.25     -9.25
-121.25     46.25
  46.25     58.25
 -71.25     56.25
  34.25      0.25
 138.25    -31.25
-159.25     66.25
 108.25     22.25
  -1.25     28.25
  92.25     54.25
-111.25     70.25
  70.25     44.25
  66.25     66.25
 -43.25     -5.25
 108.25     30.25
  76.25     40.25
  66.25     32.25
 -23.25     70.25
  70.25     36.25
  -9.25     22.25
  72.25     54.25
 112.25      0.25
-115.25     38.25
 156.25     64.25
-107.25     48.25
 -19.25     64.25
 122.25     66.25
 -47.25    -15.25
 138.25     68.25
 -69.25      4.25
  42.25     62.25
  38.25     10.25
  30.25    -25.25
 148.25    -21.25
 -67.25    -11.25
 -71.25     12.25
  96.25     64.25
  70.25     40.25
  58.25     36.25
  30.25     20.25
  28.25     64.25
 -69.25     -9.25
 -93.25     18.25
 134.25     56.25
  44.25     18.25
  18.25     10.25
  48.25     22.25
 128.25     54.25
 140.25    -21.25
-103.25     76.25
 -83.25     42.25
 102.25     38.25
 130.25    -19.25
 -63.25    -17.25
 -75.25     58.25
  20.25     -3.25
  12.25      2.25
  52.25     30.25
 -51.25    -23.25
  24.25    -33.25
 112.25     52.25
  30.25     14.25
  30.25     18.25
  32.25     16.25
  72.25     36.25
  -7.25     18.25
 -99.25     34.25
 -89.25     50.25
  82.25     62.25
 -75.25     20.25
  56.25     40.25
 -69.25     50.25
-101.25     60.25
 130.25     62.25
 -73.25     44.25
  76.25     22.25
  18.25     68.25
   6.25     30.25
 108.25     -7.25
  54.25     20.25
 120.25     -5.25
-151.25     66.25
 104.25     40.25
 -75.25     44.25
  42.25     32.25
-109.25     44.25
  20.25      2.25
  88.25     68.25
  22.25    -27.25
  90.25     30.25
  26.25     62.25
 144.25    -33.25
-121.25     50.25
 -71.25    -47.25
 134.25     50.25
 136.25    -25.25
 -77.25     -3.25
 110.25     42.25
  32.25    -27.25
 124.25    -29.25
  -7.25     30.25
-129.25     68.25
  80.25     32.25
  14.25     -9.25
  90.25     52.25
 -59.25    -13.25
  20.25     42.25
 -89.25     14.25
   2.25     12.25
 -65.25    -25.25
  22.25     52.25
  26.25    -27.25
 100.25      2.25
 -85.25     54.25
  74.25     62.25
 140.25    -37.25
 142.25    -29.25
 126.25     56.25
  28.25     52.25
 150.25    -25.25
 -69.25     44.25
 146.25     -7.25
  58.25     58.25
  64.25     64.25
  18.25     26.25
 -69.25    -23.25
 -91.25     66.25
  46.25    -23.25
  78.25     70.25
   6.25     50.25
  76.25     20.25
 176.25    -39.25
 152.25    -29.25
  34.25     12.25
  48.25     52.25
  40.25     50.25
 -51.25    -21.25
  36.25      8.25
  32.25     14.25
  -1.25     20.25
  -1.25     30.25
 -63.25    -11.25
  32.25     50.25
  12.25     20.25
-101.25     64.25
 -85.25     10.25
  18.25     46.25
   8.25     22.25
  88.25     42.25
  46.25     42.25
  86.25     62.25
 106.25     48.25
  78.25     18.25
  58.25     68.25
-103.25     62.25
 122.25     72.25
   0.25     44.25
  58.25     66.25
 108.25     48.25
-121.25     64.25
  64.25     26.25
 134.25     52.25
-161.25     62.25
  34.25     46.25
   6.25     10.25
  58.25     34.25
 -63.25    -29.25
  52.25     58.25
  56.25     28.25
  -1.25     24.25
  38.25     68.25
 -61.25    -11.25
-117.25     52.25
  -5.25     16.25
 122.25     -3.25
 -75.25      8.25
 118.25    -21.25
 110.25     58.25
 -21.25     64.25
  20.25     48.25
  68.25     76.25
  80.25     22.25
 144.25    -29.25
 -89.25     66.25
-101.25     54.25
-133.25     62.25
-105.25     68.25
 110.25     76.25
  22.25    -25.25
 -81.25     28.25
  70.25     64.25
  30.25     64.25
 108.25     64.25
  60.25     66.25
   0.25     52.25
 -83.25     52.25
  84.25     58.25
  26.25    -13.25
 118.25     28.25
 -79.25     56.25
 126.25    -27.25
 -77.25     50.25
 116.25     66.25
  68.25     40.25
  12.25     54.25
 -57.25      0.25
 -51.25    -13.25
 116.25      4.25
  24.25     68.25
 -53.25    -11.25
  76.25     54.25
  62.25     58.25
 -25.25     80.25
  36.25     48.25
  46.25    -25.25
 -67.25     62.25
 -65.25     -5.25
 142.25    -19.25
 108.25     42.25
  96.25     44.25
  40.25      4.25
  68.25     32.25
 128.25     52.25
 114.25     54.25
  66.25     54.25
 118.25     64.25
  18.25     -5.25
  90.25     56.25
 -91.25     36.25
 126.25    -19.25
  74.25     22.25
 -97.25     78.25
 104.25     -1.25
  26.25    -29.25
-137.25     68.25
 -75.25     62.25
 -53.25     -9.25
  14.25      6.25
 -41.25    -19.25
 -89.25     68.25
  60.25     38.25
  84.25     20.25
  54.25     40.25
  62.25     46.25
  20.25     32.25
 102.25     28.25
 -71.25    -45.25
 -55.25    -11.25
  50.25     16.25
-101.25     56.25
  84.25     32.25
  28.25     54.25
 142.25     70.25
 176.25     66.25
 -77.25     44.25
 114.25     72.25
 -59.25    -23.25
 132.25     56.25
  32.25     24.25
 -73.25      0.25
-135.25     62.25
  80.25     56.25
 -73.25      4.25
  54.25     58.25
 -85.25     48.25
  64.25     36.25
 112.25     44.25
 100.25     44.25
  12.25     12.25
 138.25    -17.25
-105.25     48.25
-103.25     20.25
 -13.25     26.25
 174.25     62.25
 -59.25    -11.25
  -5.25     36.25
  78.25     64.25
 -85.25     36.25
  12.25     42.25
  68.25     54.25
  72.25     30.25
  30.25     22.25
  18.25    -27.25
 108.25     52.25
 120.25     30.25
 -73.25      6.25
 100.25     18.25
 -63.25      0.25
  38.25     -7.25
 102.25     32.25
 -61.25    -31.25
  22.25      6.25
  66.25     38.25
  70.25     56.25
   8.25      8.25
 -11.25     18.25
-109.25     26.25
 -73.25     48.25
  90.25     54.25
 136.25     56.25
  32.25     48.25
  14.25     30.25
  22.25     44.25
  62.25     66.25
 -67.25     56.25
  30.25      4.25
 -67.25     10.25
  68.25     52.25
  94.25     24.25
 134.25     -3.25
 -11.25     26.25
  44.25     32.25
  30.25     -1.25
-103.25     18.25
 -81.25     72.25
  46.25     40.25
 -65.25      8.25
  20.25    -31.25
 100.25     68.25
  26.25     50.25
 -71.25    -39.25
-125.25     68.25
  34.25      8.25
  82.25     60.25
  60.25     36.25
 110.25     72.25
-123.25     62.25
-113.25     64.25
  12.25     58.25
 -59.25     -7.25
  38.25     54.25
  66.25     28.25
  34.25     20.25
  58.25     46.25
 -89.25     56.25
  92.25     62.25
  90.25     64.25
  -7.25     52.25
  54.25     38.25
 114.25    -27.25
 132.25     68.25
  56.25     48.25
  38.25     26.25
-117.25     72.25
-161.25     66.25
 -85.25     68.25
 -41.25    -17.25
  14.25     66.25
  32.25     -7.25
 -57.25    -25.25
  34.25      6.25
  40.25     22.25
 114.25     30.25
  52.25     28.25
 134.25    -15.25
  80.25     66.25
  10.25      2.25
 138.25     60.25
 134.25    -21.25
 -57.25      4.25
  58.25     64.25
 -71.25     42.25
  16.25      2.25
  90.25     66.25
  48.25    -21.25
  34.25     54.25
 -53.25     -5.25
  96.25     62.25
-121.25     72.25
  74.25     56.25
  36.25    -13.25
 104.25     28.25
-111.25     64.25
  96.25     58.25
 102.25     70.25
  28.25    -17.25
 110.25     36.25
  78.25     26.25
 -15.25     12.25
 -83.25     46.25
-121.25     44.25
  12.25      8.25
 114.25     32.25
  92.25     64.25
-155.25     62.25
 100.25     76.25
 108.25     58.25
  48.25      8.25
 106.25     72.25
 -87.25     32.25
 110.25     56.25
 -51.25     -3.25
 100.25     62.25
  70.25     34.25
 130.25     68.25
  78.25     22.25
 116.25     60.25
-149.25     60.25
 150.25    -31.25
 142.25     46.25
 114.25     -3.25
 -63.25      8.25
 136.25     60.25
 142.25     -9.25
-131.25     68.25
-135.25     68.25
 114.25     -1.25
-141.25     68.25
  92.25     40.25
-105.25     72.25
 142.25    -23.25
  72.25     64.25
   6.25     28.25
 108.25     46.25
 -45.25    -13.25
  26.25     14.25
 118.25     42.25
-107.25     56.25
 158.25     66.25
  70.25    -49.25
  34.25     50.25
 148.25     60.25
  98.25     56.25
  20.25     16.25
 164.25     68.25
-113.25     62.25
  42.25     66.25
-135.25     60.25
 -65.25     46.25
 -69.25     -7.25
  18.25     -3.25
  14.25     20.25
 -75.25     56.25
 -73.25     60.25
 102.25     52.25
 -61.25    -19.25
  10.25     18.25
  68.25     48.25
  34.25    -23.25
 -99.25     78.25
 110.25     44.25
 146.25     66.25
-107.25     40.25
  34.25    -21.25
 140.25    -23.25
  74.25     18.25
  88.25     30.25
   4.25     30.25
  98.25     74.25
 118.25     36.25
 -67.25    -21.25
 102.25     44.25
 116.25     24.25
 136.25     68.25
 158.25     62.25
 100.25     30.25
  54.25     72.25
  42.25     58.25
  16.25     30.25
-105.25     42.25
  70.25     60.25
  46.25     68.25
  -7.25     54.25
 102.25     22.25
 -77.25      6.25
 102.25     -3.25
  70.25     22.25
-121.25     62.25
  50.25     50.25
-157.25     62.25
 -57.25    -19.25
  72.25     26.25
-165.25     68.25
  36.25     36.25
 136.25     50.25
  24.25     20.25
  82.25     44.25
 -45.25     60.25
  14.25    -17.25
  10.25     10.25
 120.25     50.25
  64.25     46.25
 -13.25     20.25
  64.25     34.25
 -55.25      4.25
  10.25     36.25
-149.25     66.25
 -71.25     18.25
 112.25     70.25
 100.25     38.25
  46.25     46.25
-109.25     60.25
  30.25    -17.25
 -57.25    -17.25
 124.25     66.25
 124.25     60.25
 102.25     56.25
-145.25     68.25
  92.25     42.25
 116.25     58.25
  34.25     52.25
 118.25     58.25
  -7.25     10.25
 -99.25     64.25
-159.25     70.25
 -79.25     34.25
-123.25     52.25
  16.25     10.25
  30.25     36.25
 -69.25    -13.25
 126.25     42.25
  32.25     28.25
 -83.25     34.25
 -71.25    -29.25
  68.25     24.25
 140.25     70.25
 144.25     66.25
 -61.25     -7.25
 104.25     34.25
  80.25     68.25
 -97.25     56.25
-109.25     72.25
 -65.25     -3.25
 -47.25     -5.25
  64.25     42.25
 124.25     72.25
  88.25     40.25
  46.25     18.25
  48.25     10.25
-143.25     64.25
  42.25      4.25
 -71.25    -31.25
 -67.25     -3.25
-115.25     40.25
  92.25     36.25
  26.25      0.25
  86.25     72.25
   2.25     48.25