-103.75    76.25
  94.25    54.25
 -57.75   -33.75
  22.25    16.25
 140.25    60.25
  72.25    22.25
 160.25    56.25
  48.25    30.25
 100.25    58.25
  64.25    58.25
 -97.75    44.25
 -69.75   -37.75
-111.75    58.25
 106.25    56.25
 -63.75    -3.75
  16.25    38.25
  54.25    32.25
 -89.75    54.25
 146.25   -23.75
 140.25   -33.75
  90.25    48.25
  30.25    66.25
 128.25    44.25
 102.25    40.25
 106.25    42.25
 156.25    68.25
 -53.75    -1.75
 -87.75    20.25
 144.25    62.25
 -83.75    12.25
  48.25    20.25
  30.25   -11.75
  48.25    48.25
 126.25    44.25
  64.25    48.25
 -67.75    46.25
  44.25    50.25
  28.25    58.25
-179.75    68.25
 106.25    40.25
  86.25    38.25
 142.25   -25.75
 -39.75   -11.75
  42.25    30.25
 -97.75    50.25
   4.25     8.25
 -93.75    48.25
  90.25    34.25
  42.25    52.25
   8.25    46.25
  42.25    34.25
 -85.75    38.25
 140.25    -5.75
 106.25    58.25
   0.25    16.25
 102.25     4.25
  26.25    24.25
  84.25    24.25
  74.25    32.25
 126.25   -17.75
-153.75    66.25
  46.25    26.25
  26.25    10.25
 -49.75   -15.75
-125.75    62.25
  70.25    38.25
 174.25    66.25
  20.25    20.25
 -75.75    -5.75
 -91.75    46.25
 -65.75    -7.75
  78.25    28.25
 142.25   -35.75
 158.25    70.25
   8.25    30.25
  38.25    -1.75
  52.25    60.25
 -45.75   -21.75
  16.25    40.25
 160.25    68.25
  38.25     0.25
  22.25    66.25
 120.25    40.25
 130.25    32.25
  80.25    52.25
  10.25    12.25
 -47.75   -21.75
  66.25    34.25
-125.75    64.25
  92.25    46.25
  -5.75    34.25
  46.25    10.25
  -1.75     6.25
  82.25    50.25
  42.25     8.25
  82.25    66.25
  20.25   -25.75
-105.75    32.25
 -71.75    -1.75
  86.25    56.25
  48.25     6.25
  14.25    18.25
 -79.75    72.25
 100.25    20.25
  44.25   -17.75
 116.25    70.25
-119.75    48.25
 126.25    60.25
-107.75    54.25
-141.75    66.25
 -71.75    64.25
  54.25    48.25
 -47.75   -17.75
  46.25    38.25
  46.25    30.25
 -13.75    12.25
 148.25    72.25
  28.25    -5.75
  52.25    32.25
  24.25    -3.75
  18.25   -19.75
  76.25    38.25
  42.25    64.25
  94.25    20.25
 -69.75   -19.75
 138.25    -5.75
 134.25   -27.75
  40.25    52.25
 -57.75     0.25
 134.25    44.25
 100.25     0.25
  38.25    48.25
 -73.75   -41.75
  42.25    38.25
  30.25    24.25
  68.25    46.25
 108.25    24.25
 -83.75    14.25
  12.25    18.25
 -55.75   -25.75
 -93.75    62.25
  72.25    42.25
  68.25    60.25
  58.25    42.25
  86.25    68.25
  16.25    -5.75
 -61.75    -1.75
  46.25    32.25
 -73.75     4.25
  78.25    58.25
 -43.75    -3.75
 122.25    62.25
 -81.75    72.25
 -81.75    32.25
 106.25    28.25
  88.25    74.25
-141.75    64.25
  36.25    56.25
  24.25    28.25
 118.25    54.25
 116.25   -29.75
 134.25    64.25
 -69.75   -11.75
   8.25    44.25
  42.25    48.25
 120.25    -3.75
  36.25    68.25
 -49.75   -23.75
  50.25    22.25
 112.25    64.25
 -85.75    34.25
  46.25    66.25
  34.25   -15.75
 -59.75    -5.75
 138.25    -7.75
 -97.75    58.25
-101.75    66.25
  64.25    38.25
  30.25   -21.75
  64.25    40.25
 140.25    42.25
  86.25    54.25
  -9.75    20.25
  78.25    20.25
 -57.75   -13.75
  48.25    56.25
 126.25   -29.75
-113.75    48.25
 -11.75    22.25
 142.25   -17.75
  76.25    28.25
 104.25    50.25
  46.25    48.25
  22.25    46.25
  78.25    60.25
 118.25   -27.75
  12.25    22.25
 116.25   -31.75
 138.25   -31.75
 112.25    -1.75
 134.25    34.25
-109.75    32.25
  64.25    44.25
 -57.75   -15.75
  94.25    40.25
 -67.75   -17.75
  14.25    58.25
 160.25    58.25
  26.25    26.25
 -51.75   -19.75
  88.25    56.25
 138.25    -3.75
-125.75    56.25
 -87.75    72.25
   4.25    12.25
 100.25    74.25
-101.75    40.25
 112.25    -7.75
 178.25    66.25
 100.25    42.25
 -55.75    -7.75
 -49.75    -7.75
 104.25    54.25
  26.25   -19.75
 -51.75   -23.75
 122.25   -21.75
-115.75    42.25
 -91.75    42.25
  94.25    38.25
  22.25    28.25
 158.25    54.25
 -77.75    40.25
 100.25     8.25
  18.25    50.25
  90.25    36.25
 142.25   -33.75
 114.25    70.25
 130.25    60.25
  88.25    72.25
 -57.75   -37.75
-113.75    76.25
  20.25    24.25
  84.25    70.25
  16.25    14.25
 168.25    68.25
 -97.75    26.25
 -75.75    46.25
-179.75    66.25
 170.25    60.25
 -61.75     0.25
-149.75    64.25
  78.25    32.25
 -73.75     8.25
  54.25    22.25
 -75.75    44.25
 100.25    26.25
 -97.75    56.25
  54.25    50.25
  18.25   -29.75
-101.75    42.25
 154.25    70.25
  36.25    54.25
 140.25    68.25
 -59.75    -7.75
  48.25   -13.75
  24.25   -13.75
  56.25    24.25
  20.25   -27.75
 -67.75   -37.75
 124.25    54.25
 -63.75   -31.75
 112.25    76.25
  22.25   -21.75
  18.25   -15.75
  22.25     4.25
  70.25    54.25
 120.25    62.25
  36.25    18.25
  16.25    28.25
  72.25    62.25
  40.25    26.25
-151.75    64.25
 -59.75   -35.75
 106.25    68.25
-125.75    66.25
 136.25    52.25
 -99.75    40.25
 118.25    68.25
  24.25    50.25
  80.25    50.25
  74.25    66.25
  40.25    24.25
  24.25   -21.75
  28.25   -31.75
 132.25   -27.75
 -87.75    70.25
  80.25    70.25
  12.25    60.25
  -1.75    24.25
  34.25    26.25
  44.25    66.25
 -87.75    14.25
 128.25    60.25
  70.25    58.25
 100.25    72.25
 124.25    46.25
 -73.75    66.25
 -77.75    70.25
  64.25    30.25
 102.25     2.25
 124.25     8.25
  38.25    62.25
 134.25    54.25
 146.25    60.25
  12.25    10.25
  76.25    36.25
 -51.75   -21.75
  -7.75    38.25
 126.25    62.25
  62.25    52.25
 162.25    68.25
 168.25    66.25
 122.25    64.25
-157.75    62.25
  98.25    60.25
 -49.75   -17.75
  -5.75    28.25
-109.75    72.25
-125.75    52.25
-147.75    70.25
 -87.75    54.25
 114.25   -25.75
  46.25     6.25
 -55.75   -29.75
 174.25    64.25
  98.25    64.25
   4.25    44.25
 104.25    14.25
 138.25    52.25
  90.25    26.25
  36.25    34.25
  18.25     6.25
-111.75    46.25
  22.25     2.25
  86.25    40.25
  32.25   -19.75
 -63.75   -29.75
 -65.75   -25.75
 -67.75   -11.75
  78.25    38.25
 -95.75    42.25
 118.25    44.25
 130.25    54.25
 140.25    58.25
 -75.75    -7.75
 114.25    24.25
  32.25    46.25
 128.25   -15.75
 -49.75    -3.75
 -91.75    56.25
  38.25    -5.75
  16.25    58.25
  74.25    42.25
 146.25   -25.75
 -79.75    48.25
 118.25    62.25
 -71.75    60.25
 -59.75   -15.75
  32.25    30.25
 104.25    76.25
  44.25    26.25
  18.25   -13.75
 140.25    66.25
 114.25    42.25
 -67.75    58.25
 -59.75   -51.75
  34.25    38.25
  38.25    40.25
  52.25    52.25
-121.75    46.25
 -57.75    52.25
  20.25    14.25
 154.25    62.25
 134.25   -13.75
 -15.75    20.25
 -65.75    54.25
 100.25    32.25
  44.25    54.25
  56.25    38.25
  92.25    70.25
 136.25    36.25
 110.25    30.25
  -3.75    28.25
  18.25   -17.75
  22.25    24.25
  30.25   -17.75
  10.25    46.25
 -91.75    14.25
  82.25    48.25
  -5.75    36.25
  26.25   -15.75
  26.25   -25.75
 -53.75   -15.75
   8.25    26.25
  86.25    32.25
  46.25    54.25
 176.25   -39.75
 122.25    56.25
  -1.75    28.25
  52.25    16.25
  72.25    24.25
-155.75    70.25
  42.25    22.25
 100.25    52.25
-115.75    44.25
 -53.75    82.25
  70.25    46.25
  24.25   -31.75
-109.75    36.25
  44.25    56.25
  68.25    38.25
 -75.75    54.25
 122.25    46.25
  40.25    40.25
 114.25     0.25
  22.25   -25.75
 -47.75    -5.75
 -73.75    44.25
  84.25    42.25
 -59.75     4.25
  36.25     2.25
 -83.75    80.25
 126.25    72.25
  36.25     6.25
  46.25    52.25
 -77.75    62.25
  68.25    36.25
 -81.75    52.25
 110.25    50.25
  76.25    10.25
 132.25    62.25
 120.25    64.25
 110.25    48.25
 -69.75    52.25
  -9.75    10.25
  78.25    52.25
 104.25    36.25
 -15.75    18.25
  -3.75    10.25
 -79.75    62.25
-127.75    54.25
 116.25    -1.75
 -95.75    16.25
 122.25    58.25
 -69.75   -35.75
  -9.75    22.25
 106.25    26.25
  -7.75    52.25
 116.25    42.25
  98.25    34.25
  72.25    70.25
  80.25    62.25
  40.25    56.25
  34.25    64.25
 -77.75    34.25
  62.25    68.25
 112.25    60.25
  16.25    20.25
 112.25    54.25
-115.75    56.25
-107.75    58.25
   8.25    24.25
 -45.75    -1.75
 104.25    16.25
-147.75    68.25
 -95.75    44.25
-141.75    68.25
 -99.75    72.25
 -69.75   -13.75
 140.25   -21.75
 116.25    72.25
  76.25    16.25
  26.25    58.25
-157.75    60.25
 -85.75    80.25
  -7.75     6.25
 -89.75    18.25
 124.25   -27.75
 -69.75   -25.75
  48.25    60.25
  10.25     0.25
 -97.75    28.25
 -71.75    58.25
  48.25    40.25
 -39.75    -7.75
  34.25    40.25
-155.75    58.25
-105.75    34.25
 -95.75    56.25
  50.25    36.25
  18.25     8.25
  30.25    70.25
  24.25   -17.75
  88.25    32.25
  64.25    50.25
-123.75    58.25
 108.25    60.25
  24.25    12.25
 128.25    68.25
  68.25    66.25
  88.25    36.25
 116.25    -3.75
  46.25   -23.75
  38.25    60.25
  76.25    48.25
  22.25   -29.75
-119.75    64.25
  88.25    50.25
 106.25    64.25
  20.25    28.25
  38.25     4.25
 -67.75   -15.75
  12.25    -1.75
-127.75    50.25
 148.25   -25.75
 -97.75    54.25
  18.25    64.25
-163.75    62.25
  20.25    66.25
 142.25    68.25
 126.25   -31.75
  66.25    60.25
  62.25    62.25
-125.75    50.25
  -3.75    32.25
  78.25    48.25
  14.25    56.25
  32.25    66.25
 -67.75    52.25
 130.25   -29.75
  -3.75    48.25
 146.25    72.25
 -61.75    82.25
  52.25    44.25
  14.25    -9.75
  86.25    30.25
-103.75    46.25
  36.25    62.25
-155.75    66.25
 -67.75   -53.75
  98.25    68.25
 -89.75    36.25
 -73.75   -13.75
 128.25    46.25
 100.25    22.25
 -89.75    40.25
 -95.75    48.25
 136.25    58.25
 -93.75    42.25
  50.25    62.25
  98.25    14.25
  82.25    22.25
  -1.75    30.25
 -99.75    64.25
 -61.75    56.25
 148.25    -9.75
-129.75    54.25
  40.25    62.25
 130.25    44.25
  24.25   -11.75
  32.25    12.25
  56.25    20.25
   4.25    32.25
 -45.75   -19.75
-119.75    40.25
 112.25    68.25
-111.75    60.25
  82.25    36.25
  24.25    14.25
 134.25    62.25
  10.25    28.25
-105.75    36.25
  78.25    68.25
 100.25    54.25
  72.25    68.25
 144.25    64.25
-123.75    66.25
 -65.75   -43.75
  18.25   -21.75
 -69.75    48.25
  46.25    56.25
 118.25    52.25
 128.25    72.25
 -93.75    46.25
  54.25    42.25
 154.25    68.25
  60.25    28.25
  -1.75    12.25
  60.25    68.25
-107.75    60.25
   2.25    50.25
 108.25    68.25
 -61.75   -25.75
 -95.75    34.25
 -25.75    70.25
-115.75    30.25
 -15.75    12.25
 -65.75   -19.75
-121.75    72.25
  96.25     4.25
  30.25    40.25
 124.25   -31.75
  -5.75    22.25
-121.75    44.25
 118.25    60.25
  58.25    22.25
 148.25   -41.75
 100.25    70.25
  36.25    -1.75
 100.25    40.25
 152.25    60.25
-111.75    30.25
  62.25    56.25
 -83.75    50.25
 -51.75    66.25
  16.25    52.25
 -83.75    30.25
 150.25   -35.75
 154.25    60.25
  32.25    -3.75
  74.25    34.25
-159.75    56.25
  44.25    60.25
-145.75    64.25
 -75.75     0.25
  12.25    64.25
-109.75    30.25
 136.25    34.25
  38.25   -15.75
 148.25   -37.75
  94.25    66.25
 102.25    30.25
  82.25    70.25
  -7.75     8.25
 142.25    72.25
 -13.75    10.25
-107.75    48.25
 -63.75   -33.75
   8.25    14.25
 168.25    64.25
  96.25    18.25
 -71.75    42.25
  56.25    58.25
  60.25    26.25
 142.25   -11.75
 114.25    62.25
 -73.75    60.25
   0.25    24.25
 136.25    64.25
 -95.75    36.25
-117.75    42.25
  -3.75    26.25
 104.25    58.25
 102.25    -3.75
-119.75    54.25
  14.25    46.25
 -99.75    52.25
-153.75    70.25
  38.25    12.25
 150.25    70.25
  68.25    34.25
 120.25    16.25
 -47.75   -13.75
  16.25   -27.75
  26.25    28.25
  16.25    48.25
 -63.75   -35.75
 -75.75    56.25
 146.25    -7.75
 142.25   -21.75
 -65.75   -37.75
 -69.75   -49.75
 134.25   -31.75
-105.75    42.25
 108.25    62.25
 -67.75    -5.75
  90.25    24.25
  76.25    32.25
 130.25    56.25
  80.25    26.25
  44.25    38.25
  62.25    60.25
-115.75    46.25
 -57.75   -23.75
  16.25    46.25
  10.25    62.25
 -55.75   -21.75
-115.75    48.25
 -55.75    -9.75
  50.25    64.25
 -43.75    -9.75
 122.25   -29.75
  50.25    66.25
  32.25    64.25
 -67.75    10.25
-125.75    60.25
 -85.75    32.25
-103.75    28.25
 -81.75    26.25
  54.25    60.25
 126.25   -19.75
  12.25     6.25
-103.75    24.25
  76.25    30.25
 148.25    68.25
  80.25    54.25
 126.25    52.25
 -77.75    48.25
 -73.75   -11.75
 146.25    64.25
  18.25    24.25
-115.75    70.25
 -97.75    34.25
  24.25    48.25
  -3.75    16.25
  10.25    60.25
 -75.75    50.25
 -53.75    -5.75
-119.75    50.25
 132.25    34.25
-103.75    50.25
  14.25    42.25
 146.25   -21.75
 114.25    40.25
  12.25    -3.75
-103.75    70.25
  30.25     2.25
  -1.75    54.25
-157.75    68.25
  -3.75    14.25
  -7.75    10.25
 -67.75    -7.75
 108.25    34.25
  42.25     2.25
  66.25    40.25
  28.25    44.25
  24.25     2.25
 102.25    24.25
-105.75    62.25
  28.25    28.25
 -79.75    46.25
  94.25    50.25
 -97.75    64.25
 -11.75    24.25
  44.25     8.25
 120.25    72.25
  90.25    72.25
 150.25   -29.75
 -73.75    -7.75
 -65.75     8.25
  82.25    40.25
  46.25    44.25
 110.25    26.25
  62.25    54.25
  34.25    62.25
  24.25    52.25
  90.25    28.25
  86.25    66.25
-113.75    70.25
  26.25    44.25
 -67.75     4.25
 120.25    68.25
 -83.75    10.25
 122.25    -3.75
 -63.75     4.25
  20.25    50.25
 -57.75   -17.75
 122.25    18.25
-135.75    68.25
 -63.75   -25.75
  36.25    16.25
  88.25    52.25
 114.25    38.25
 -57.75   -21.75
-107.75    36.25
  24.25    -1.75
 -45.75    -3.75
 -97.75    48.25
 110.25    40.25
  40.25    64.25
 114.25    26.25
 -63.75    -1.75
-113.75    64.25
  30.25    -1.75
  64.25    54.25
 168.25    62.25
   4.25    26.25
 -67.75    50.25
 -89.75    16.25
 170.25   -43.75
 -77.75    -1.75
-109.75    48.25
 142.25    -3.75
 -69.75   -29.75
   6.25    62.25
 116.25    50.25
 -67.75   -35.75
 130.25   -25.75
-151.75    68.25
 130.25   -15.75
  36.25    38.25
 -51.75   -17.75
  98.25    50.25
  16.25    22.25
 138.25   -19.75
  54.25    30.25
  34.25    10.25
 -61.75     8.25
  92.25    24.25
   8.25    56.25
 140.25   -37.75
  80.25     6.25
-123.75    64.25
 118.25   -25.75
 140.25   -35.75
-101.75    18.25
 102.25    54.25
 114.25    66.25
  -9.75    14.25
 152.25    64.25
  66.25    56.25
-103.75    54.25
 -49.75    82.25
 -59.75    54.25
  38.25    38.25
 128.25     2.25
 124.25    40.25
  12.25    50.25
  96.25    50.25
  16.25    78.25
   6.25    16.25
 144.25   -33.75
  26.25   -31.75
  18.25    30.25
 -49.75   -19.75
 -65.75   -41.75
 146.25    68.25
 -61.75    -3.75
 134.25    48.25
-105.75    66.25
 -43.75    -7.75
 -75.75    -1.75
   0.25    28.25
 106.25    62.25
   6.25    26.25
 -65.75    50.25
-107.75    26.25
 176.25    62.25
  92.25    28.25
 -59.75   -25.75
  12.25    30.25
 -11.75    20.25
  82.25    42.25
   4.25    50.25
 104.25    24.25
 -81.75     8.25
 -59.75   -33.75
  -9.75    24.25
  -1.75    32.25
  64.25    60.25
 -89.75    44.25
   0.25    40.25
  26.25    56.25
 134.25    -3.75
 170.25    68.25
 138.25    64.25
 136.25   -19.75
 -71.75    54.25
  44.25    62.25
 150.25    62.25
  -3.75    24.25
 -65.75   -23.75
 102.25     0.25
 -61.75   -35.75
   8.25    34.25
  36.25    52.25
-123.75    42.25
 134.25    46.25
 126.25   -25.75
  12.25    24.25
  32.25    40.25
  26.25     6.25
 148.25   -23.75
 -89.75    46.25
-111.75    62.25
 -71.75    -3.75
  32.25    -7.75
  86.25    28.25
 120.25    46.25
-113.75    72.25
 116.25    64.25
 140.25    52.25
  80.25    18.25
  28.25    70.25
   6.25    52.25
 100.25    14.25
 -53.75   -17.75
  96.25    24.25
 -83.75    44.25
 -69.75     6.25
  80.25    30.25
 148.25    62.25
  92.25    30.25
 -97.75    20.25
  38.25    56.25
 104.25    48.25
 134.25   -29.75
 -99.75    76.25
  56.25    56.25
  18.25    18.25
 152.25   -31.75
 126.25    68.25
  74.25    20.25
  46.25    62.25
  60.25    54.25
 -43.75   -11.75
  80.25    60.25
-107.75    52.25
  44.25    30.25
  94.25    26.25
 -61.75    52.25
  68.25    68.25
-143.75    68.25
  82.25    72.25
-105.75    30.25
  30.25     6.25
 -93.75    54.25
 -69.75    56.25
  76.25    70.25
-129.75    56.25
  10.25    52.25
  40.25    48.25
 104.25    30.25
  26.25    12.25
  72.25    50.25
-107.75    44.25
   4.25    16.25
  78.25    36.25
 -99.75    18.25
  46.25   -19.75
  62.25    32.25
 -39.75   -17.75
 -71.75     8.25
  98.25    24.25
   0.25    18.25
 -93.75    16.25
  98.25    52.25
  78.25    62.25
 -71.75     2.25
 -87.75    32.25
 -65.75     0.25
  28.25    16.25
  58.25    48.25
 100.25    34.25
 142.25   -19.75
  76.25    60.25
 120.25   -27.75
-103.75    60.25
 110.25    38.25
  78.25    14.25
  40.25    -1.75
 148.25   -21.75
  96.25    46.25
 -87.75    80.25
 -61.75     6.25
  92.25    22.25
  72.25    48.25
 -71.75    12.25
  38.25    18.25
  30.25   -25.75
  16.25   -15.75
-111.75    72.25
  58.25    54.25
 130.25   -27.75
  96.25    28.25
 124.25    42.25
 108.25    70.25
 -51.75     0.25
  48.25   -19.75
 128.25    40.25
 -97.75    36.25
 -55.75    52.25
  48.25    28.25
 108.25    40.25
 -77.75    36.25
  88.25    66.25
 122.25    60.25
  44.25    14.25
-123.75    72.25
 142.25   -23.75
 116.25    46.25
  20.25   -11.75
 -51.75   -11.75
 -93.75    50.25
-105.75    40.25
  16.25   -21.75
  -5.75    42.25
  84.25    56.25
 -61.75   -11.75
 -49.75    -1.75
-149.75    66.25
  86.25    26.25
 -59.75   -29.75
 106.25    16.25
 -63.75    10.25
  38.25     6.25
-119.75    52.25
 116.25    44.25
  38.25    24.25
 -43.75   -19.75
-101.75    56.25
 104.25    38.25
 -65.75   -35.75
  20.25    54.25
 -77.75    52.25
  24.25    70.25
 120.25   -23.75
-161.75    70.25
 -59.75   -37.75
-115.75    76.25
  42.25    50.25
 166.25    68.25
  36.25    50.25
  42.25    44.25
  -3.75    18.25
 100.25     6.25
 110.25    46.25
  42.25    56.25
  80.25    28.25
  46.25   -17.75
 -79.75    36.25
 108.25    32.25
   2.25    20.25
 110.25    20.25
-155.75    64.25
  30.25    46.25
 -47.75    82.25
  80.25    58.25
 118.25    46.25
  72.25    46.25
  58.25    30.25
  44.25    28.25
 122.25   -23.75
-103.75    52.25
 176.25    64.25
  12.25    -5.75
  -1.75     8.25
 -75.75    48.25
  30.25    -7.75
  22.25     0.25
  92.25    32.25
   8.25    48.25
  60.25    52.25
  -1.75    42.25
  -3.75    20.25
 108.25    28.25
-131.75    58.25
 -83.75    42.25
  84.25    36.25
 122.25   -33.75
 -91.75    78.25
  48.25    16.25
-131.75    60.25
  22.25    30.25
  24.25   -33.75
 -69.75   -47.75
 -83.75    68.25
  94.25    30.25
 128.25    38.25
 106.25    38.25
  24.25     0.25
 -77.75    54.25
 -41.75   -13.75
 150.25   -27.75
  40.25   -13.75
 126.25    48.25
 -61.75   -23.75
  88.25    70.25
 -35.75    -7.75
  -5.75    54.25
  76.25    62.25
 152.25    68.25
 -81.75    48.25
 102.25    26.25
-177.75    66.25
 178.25   -37.75
 -55.75     0.25
  90.25    68.25
 112.25    24.25
  98.25    58.25
  -5.75    18.25
 -97.75    78.25
 -37.75   -11.75
  74.25    58.25
  32.25    52.25
 -43.75   -15.75
-103.75    26.25
  34.25    28.25
 102.25    20.25
 -95.75    80.25
   8.25     6.25
 140.25   -17.75
  -9.75    52.25
  -1.75    22.25
  54.25    66.25
 -61.75   -19.75
  44.25    44.25
  -9.75    26.25
 112.25    66.25
-105.75    70.25
 -99.75    32.25
   2.25    18.25
  42.25    36.25
-113.75    42.25
 114.25    46.25
  32.25    36.25
  36.25   -11.75
  16.25    62.25
  28.25    24.25
 -65.75     2.25
  78.25    50.25
 116.25    54.25
  88.25    28.25
  30.25    28.25
  66.25    68.25
 144.25    68.25
 100.25    66.25
 -83.75    72.25
 -87.75    38.25
 -63.75   -19.75
  76.25    50.25
 -79.75    -3.75
 -89.75    34.25
  68.25    44.25
  80.25    44.25
  32.25    10.25
 106.25    22.25
  22.25    56.25
 -43.75   -13.75
 -89.75    68.25
 144.25   -27.75
  76.25    46.25
  10.25    22.25
  22.25    32.25
  82.25    46.25
-157.75    66.25
  28.25    12.25
  94.25    22.25
 104.25    20.25
-111.75    56.25
 106.25    44.25
 102.25    18.25
 -93.75    34.25
  16.25   -11.75
  60.25    40.25
-133.75    56.25
  94.25    70.25
 -63.75    54.25
  32.25   -15.75
  20.25    -5.75
 136.25   -27.75
 106.25    34.25
  34.25    14.25
  76.25    44.25
 104.25    18.25
 -95.75    62.25
  34.25    -5.75
   0.25    30.25
 -71.75    56.25
  20.25     6.25
  68.25    50.25
-115.75    68.25
  14.25     2.25
  36.25    14.25
 -35.75    -5.75
 158.25    64.25
  74.25    28.25
 164.25    64.25
 126.25     8.25
-113.75    38.25
 -77.75    -7.75
-139.75    68.25
  22.25    -7.75
-113.75    28.25
 166.25    64.25
  38.25    36.25
 132.25   -23.75
  78.25    34.25
  42.25    40.25
  14.25     8.25
 -57.75    -1.75
  -7.75    22.25
 -69.75     0.25
  22.25   -15.75
 120.25    42.25
   4.25    20.25
   8.25    50.25
  78.25    24.25
  50.25    32.25
  58.25    32.25
 -71.75    18.25
-107.75    42.25
 -15.75    66.25
 116.25    34.25
 -91.75    38.25
 -57.75   -25.75
  92.25    66.25
  38.25     8.25
 144.25    -5.75
 102.25    50.25
 132.25   -29.75
 120.25   -33.75
-161.75    60.25
  38.25    64.25
  32.25    54.25
 132.25    52.25
 -53.75   -19.75
 144.25    70.25
-127.75    68.25
-113.75    54.25
  34.25    56.25
  34.25   -23.75
 120.25    70.25
 -93.75    36.25
 -51.75    70.25
  96.25    32.25
  28.25   -21.75
  54.25    28.25
 114.25    50.25
 122.25    50.25
 -67.75    -9.75
  56.25    60.25
-111.75    50.25
 -99.75    26.25
-131.75    68.25
 128.25   -17.75
  12.25    46.25
  16.25    64.25
 140.25    72.25
  10.25    56.25
  98.25     2.25
 114.25    -1.75
  82.25    30.25
 120.25    -9.75
 138.25   -23.75
 142.25   -29.75
  88.25    62.25
  82.25    68.25
 -73.75    -3.75
  16.25     0.25
  82.25    28.25
  28.25    50.25
  30.25    48.25
 -57.75   -35.75
-119.75    42.25
 -77.75     8.25
  -3.75    40.25
  44.25    64.25
  16.25    50.25
 104.25    66.25
 -97.75    76.25
  10.25     4.25
 118.25    34.25
-101.75    28.25
 -85.75    82.25
-109.75    62.25
  68.25    62.25
 120.25    44.25
 100.25    46.25
 -79.75    50.25
  48.25    58.25
 -71.75   -33.75
-109.75    76.25
 -65.75     6.25
  90.25    32.25
  48.25    38.25
 124.25    64.25
  20.25   -13.75
 100.25    78.25
   2.25    22.25
 126.25    50.25
  68.25    58.25
 160.25    64.25
 -93.75    44.25
  82.25    38.25
  28.25    22.25
 112.25    34.25
-119.75    76.25
  52.25    20.25
  30.25   -29.75
 -73.75     6.25
 146.25   -31.75
-111.75    34.25
 112.25    28.25
-111.75    42.25
 -65.75    48.25
-113.75    60.25
 146.25    70.25
-107.75    64.25
  28.25     2.25
  56.25    62.25
-137.75    68.25
  30.25    26.25
  80.25    34.25
 -67.75    48.25
 136.25    48.25
   2.25    34.25
  14.25    28.25
 -79.75    22.25
 116.25    26.25
 132.25    54.25
 116.25     2.25
 110.25    66.25
  32.25   -25.75
 -57.75    -9.75
 118.25     4.25
 140.25    38.25
 130.25    48.25
  94.25    44.25
  78.25    12.25
  72.25    66.25
  14.25    64.25
  98.25    62.25
  28.25    -1.75
 -93.75    32.25
-133.75    60.25
-157.75    64.25
  88.25    64.25
 -69.75    54.25
-119.75    58.25
  92.25    60.25
  82.25    20.25
 126.25    66.25
  98.25    70.25
  40.25   -15.75
 112.25    36.25
  28.25   -15.75
  52.25    66.25
  -1.75    16.25
  50.25    54.25
  36.25    -5.75
 112.25    40.25
  88.25    54.25
  80.25    36.25
 136.25    46.25
  92.25    48.25
  16.25    44.25
  52.25    22.25
 116.25    38.25
   6.25    46.25
  10.25    30.25
 148.25   -27.75
 -61.75     2.25
  20.25    -1.75
 128.25   -23.75
-127.75    66.25
  18.25   -11.75
 142.25    66.25
 118.25    30.25
  18.25    14.25
  62.25    28.25
  22.25    22.25
 114.25    34.25
 -77.75    72.25
  80.25    46.25
-115.75    62.25
-105.75    44.25
-101.75    76.25
  10.25    20.25
  98.25    46.25
  18.25    40.25
   2.25    14.25
  24.25    18.25
 112.25    22.25
 -87.75    50.25
  24.25     8.25
  42.25    20.25
  38.25    32.25
  28.25    40.25
  66.25    26.25
  62.25    30.25
-127.75    60.25
 -99.75    56.25
 116.25    28.25
 -81.75    40.25
 110.25    24.25
  26.25   -27.75
 124.25    44.25
  26.25    48.25
  98.25    32.25
 100.25    50.25
  84.25    28.25
  32.25     8.25
   4.25    22.25
  -5.75    14.25
  66.25    46.25
  44.25     6.25
 132.25    48.25
  18.25    -7.75
 -71.75    44.25
 -89.75    14.25
  50.25   -15.75
  18.25     4.25
 -65.75    46.25
  54.25    36.25
  86.25    64.25
   8.25    12.25
  28.25   -23.75
 -63.75    58.25
 -85.75    48.25
  66.25    36.25
  20.25    52.25
 122.25    40.25
  28.25    62.25
  46.25    14.25
-113.75    34.25
-103.75    22.25
 -65.75    10.25
  48.25    64.25
 114.25     2.25
 142.25    -5.75
 -67.75    54.25
 -91.75    32.25
  62.25    42.25
-101.75    64.25
 -73.75    50.25
 104.25    46.25
  56.25    46.25
 -89.75    76.25
 150.25    64.25
-117.75    34.25
  72.25    34.25
  28.25    14.25
 104.25    32.25
 152.25    62.25
 120.25     0.25
  14.25    22.25
-117.75    64.25
-139.75    64.25
  98.25    40.25
  22.25    14.25
 114.25    68.25
 -57.75     2.25
  88.25    24.25
 128.25    64.25
 138.25    50.25
 -85.75    42.25
  28.25    26.25
  28.25   -25.75
   6.25    48.25
  22.25    48.25
-101.75    78.25
  36.25     4.25
  16.25    18.25
 -95.75    58.25
 126.25   -23.75
  14.25    12.25
 100.25    16.25
  22.25    42.25
  22.25    40.25
   6.25    60.25
  66.25    52.25
  92.25    52.25
  38.25     2.25
   6.25    14.25
 -45.75   -15.75
 -19.75    74.25
 136.25   -21.75
 -75.75    40.25
 -93.75    66.25
 138.25    48.25
 104.25    12.25
  48.25    50.25
-123.75    62.25
 -87.75    44.25
 -67.75   -33.75
 -55.75   -13.75
 -95.75    18.25
  64.25    56.25
  26.25    70.25
 -59.75    -3.75
  10.25    24.25
 120.25    28.25
 -41.75   -21.75
  -9.75    16.25
 -63.75   -21.75
 -41.75    -3.75
 -57.75   -31.75
  26.25    54.25
  36.25    58.25
-101.75    54.25
-105.75    38.25
   2.25    16.25
  28.25   -13.75
 -53.75   -23.75
 136.25   -33.75
  74.25    16.25
 -47.75    -1.75
  -9.75     8.25
 110.25    60.25
  18.25     0.25
 142.25    64.25
  -3.75    34.25
  36.25    -7.75
 110.25    54.25
 -89.75    56.25
 -71.75   -53.75
  82.25    64.25
  26.25     4.25
 144.25   -23.75
-151.75    66.25
 102.25    -1.75
  68.25    28.25
  54.25    68.25
  22.25    18.25
 -47.75   -19.75
  76.25    66.25
  44.25     2.25
 122.25   -31.75
 106.25    30.25
  32.25    68.25
  34.25    58.25
 -63.75   -17.75
  76.25    18.25
  62.25    26.25
 136.25   -31.75
-115.75    58.25
 -71.75   -37.75
 124.25    48.25
 138.25    -1.75
 -65.75   -17.75
 -69.75   -39.75
 -63.75   -37.75
 112.25    46.25
  58.25    56.25
 118.25    66.25
 142.25    50.25
-105.75    72.25
 -75.75    68.25
-123.75    46.25
 112.25    38.25
 -99.75    20.25
 106.25    66.25
  50.25    18.25
  94.25    58.25
   0.25    26.25
-101.75    32.25
  18.25    16.25
  30.25    68.25
  18.25    28.25
  16.25   -17.75
  24.25    66.25
-101.75    60.25
  74.25    50.25
 130.25   -17.75
  18.25    48.25
  14.25    32.25
  14.25     0.25
 118.25    70.25
  90.25    70.25
 -67.75   -25.75
 150.25   -31.75
 130.25   -21.75
-159.75    60.25
  42.25    28.25
 -63.75    46.25
 -63.75   -13.75
  54.25    56.25
  14.25   -17.75
  28.25   -11.75
  30.25   -19.75
-107.75    56.25
 -11.75    18.25
 158.25    68.25
-165.75    68.25
 -69.75    66.25
 168.25   -45.75
 -95.75    38.25
 -65.75   -13.75
 146.25    62.25
  94.25    42.25
-159.75    68.25
 -61.75     4.25
  54.25    34.25
 120.25    48.25
 -67.75    62.25
  24.25    46.25
  84.25    52.25
 112.25    72.25
-111.75    78.25
 112.25    26.25
  12.25    44.25
  94.25    34.25
 170.25    62.25
 -83.75    82.25
-149.75    70.25
  30.25    54.25
 -95.75    46.25
  50.25    60.25
  28.25    30.25
 124.25    68.25
 102.25    16.25
  96.25    34.25
-111.75    26.25
-117.75    66.25
 172.25    62.25
  16.25    -3.75
-101.75    46.25
  42.25     0.25
 -47.75    -9.75
  32.25   -27.75
   4.25    36.25
  10.25    54.25
 118.25   -23.75
  32.25   -23.75
  82.25    56.25
 -59.75   -19.75
 142.25   -13.75
 -15.75    16.25
  72.25    72.25
  -1.75    18.25
-125.75    58.25
  60.25    48.25
 -91.75    50.25
 -85.75    10.25
 -61.75   -17.75
  26.25     8.25
  36.25     0.25
-107.75    66.25
 150.25    68.25
  20.25   -31.75
 130.25    -1.75
 -53.75    -7.75
  20.25   -21.75
  32.25    18.25
  76.25    34.25
 100.25    60.25
-119.75    68.25
 -73.75    58.25
  72.25    58.25
 -65.75    -3.75
  28.25     0.25
  26.25   -13.75
 124.25   -25.75
 132.25    64.25
 102.25    78.25
 144.25   -37.75
  14.25    -1.75
  30.25   -15.75
  10.25    14.25
   2.25    36.25
-101.75    24.25
   8.25    36.25
 -71.75   -35.75
  56.25    52.25
 114.25    56.25
 102.25    68.25
 -49.75   -21.75
 -79.75    -1.75
  50.25    30.25
 -73.75   -45.75
  48.25   -15.75
  82.25    26.25
 102.25    72.25
 112.25    30.25
 -65.75    52.25
   8.25    20.25
 -77.75    42.25
  -7.75    32.25
-113.75    46.25
  64.25    32.25
-163.75    68.25
  -7.75    40.25
  54.25    64.25
 166.25    62.25
 -67.75     8.25
  56.25    64.25
-101.75    70.25
-117.75    74.25
  58.25    38.25
  78.25    30.25
  74.25    30.25
 -85.75    36.25
  50.25    20.25
  80.25    40.25
  54.25    24.25
 -39.75    -9.75
 156.25    56.25
   6.25     8.25
  76.25    42.25
-163.75    60.25
 120.25    58.25
 114.25   -23.75
 -69.75   -45.75
 102.25    42.25
 130.25    70.25
  24.25   -29.75
  98.25    30.25
 130.25    50.25
 128.25   -27.75
 -89.75    32.25
 152.25   -27.75
  22.25    26.25
 -11.75    16.25
 -51.75    -3.75
  34.25    -1.75
 -41.75    -5.75
 124.25    52.25
  28.25   -29.75
 -11.75    14.25
 -81.75    30.25
  50.25    48.25
 -89.75    80.25
 164.25    62.25
-121.75    62.25
  46.25    16.25
  24.25    24.25
  48.25   -17.75
 -63.75     6.25
  24.25     4.25
-117.75    50.25
  70.25    28.25
 -55.75   -27.75
   8.25    58.25
  30.25   -23.75
 -91.75    40.25
  72.25    52.25
  18.25    60.25
 104.25    78.25
 -95.75    66.25
 -67.75    -1.75
  -5.75    24.25
  -3.75    58.25
 114.25    28.25
  70.25    62.25
 112.25    56.25
  52.25    54.25
 118.25   -29.75
  58.25    62.25
 130.25    66.25
 -95.75    60.25
 -99.75    66.25
 138.25   -35.75
-121.75    50.25
  92.25    44.25
  92.25    72.25
 -25.75    72.25
-175.75    66.25
 -13.75    20.25
-155.75    68.25
  24.25    22.25
  64.25    28.25
 128.25    48.25
 128.25    42.25
 126.25    38.25
 -63.75   -27.75
 -11.75    26.25
 170.25    64.25
  78.25    54.25
 -97.75    72.25
 -69.75     8.25
 116.25    62.25
  76.25    52.25
 130.25    58.25
 138.25    70.25
 124.25   -29.75
  98.25    38.25
  32.25    26.25
  72.25    32.25
 162.25    56.25
 160.25    -9.75
 100.25    56.25
  28.25   -27.75
-111.75    48.25
 110.25    34.25
  26.25    68.25
  30.25    50.25
  18.25    22.25
  68.25    70.25
 -49.75    -9.75
-103.75    66.25
 122.25    54.25
 -63.75   -23.75
 -73.75    52.25
-107.75    34.25
 162.25    66.25
 134.25   -19.75
  20.25   -33.75
-115.75    52.25
-125.75    54.25
 -11.75    10.25
 118.25   -33.75
  54.25    54.25
 -41.75   -17.75
 156.25    70.25
  68.25    30.25
 -57.75   -29.75
 174.25   -41.75
  28.25     4.25
  60.25    34.25
  36.25    28.25
  98.25    28.25
 128.25    36.25
 116.25    48.25
  86.25    36.25
 110.25    68.25
  72.25    28.25
 -53.75   -29.75
  98.25    42.25
 158.25    52.25
  52.25    18.25
-135.75    64.25
 108.25    38.25
 126.25    54.25
 114.25    64.25
  20.25    44.25
-139.75    62.25
  12.25     4.25
  40.25    36.25
  22.25    -3.75
 116.25    30.25
  96.25    38.25
 120.25   -25.75
 144.25   -21.75
 -55.75    -5.75
 112.25    32.25
 -75.75     6.25
  84.25    46.25
  32.25    22.25
 -75.75    -3.75
 106.25    74.25
 114.25    52.25
  26.25    20.25
 100.25    64.25
 -83.75    40.25
 -73.75   -51.75
  18.25    -3.75
 154.25    66.25
  48.25    24.25
 -61.75    50.25
  12.25    52.25
 172.25    64.25
 -81.75    64.25
  44.25    20.25
-115.75    50.25
-107.75    50.25
  76.25    24.25
  40.25    28.25
  70.25    50.25
 116.25   -27.75
   4.25    28.25
  44.25   -23.75
  44.25    58.25
-103.75    62.25
  94.25    32.25
 108.25    36.25
  12.25    26.25
  14.25    10.25
  46.25   -21.75
 -93.75    30.25
 -97.75    32.25
  42.25    12.25
  34.25    -9.75
  44.25    16.25
  30.25    62.25
 -41.75   -19.75
  80.25    24.25
 136.25    70.25
  -7.75    42.25
-159.75    70.25
  90.25    46.25
  74.25    24.25
  54.25    46.25
 -53.75     2.25
   2.25    46.25
 -69.75   -41.75
  96.25    48.25
   6.25    32.25
  40.25    44.25
 116.25    68.25
  28.25     8.25
  24.25    54.25
  18.25    52.25
  40.25     2.25
 140.25    -7.75
 -53.75   -33.75
  18.25    20.25
  94.25    48.25
  56.25    32.25
 152.25    70.25
 106.25    76.25
 132.25    46.25
 -91.75    18.25
  18.25    54.25
  74.25    70.25
  34.25    68.25
 116.25     0.25
  54.25    44.25
 122.25    42.25
 128.25    50.25
 102.25    66.25
 -75.75     8.25
  28.25    20.25
  88.25    22.25
 -57.75    48.25
  50.25    10.25
-109.75    40.25
 -93.75    76.25
  46.25    24.25
 -67.75   -31.75
 -71.75   -45.75
  82.25    52.25
 108.25    76.25
  80.25    16.25
  46.25    36.25
-111.75    36.25
  18.25    -1.75
  80.25    48.25
 146.25   -27.75
 -61.75   -29.75
 -89.75    64.25
  -1.75    52.25
 -65.75   -21.75
 -71.75    68.25
 106.25    24.25
 130.25    64.25
  14.25   -15.75
-135.75    66.25
 -83.75    64.25
  46.25    60.25
  24.25    58.25
 124.25    56.25
  14.25     4.25
 -69.75   -43.75
 -99.75    44.25
-103.75    64.25
 104.25    70.25
 -69.75    46.25
  22.25    58.25
  -3.75    22.25
 -93.75    40.25
  50.25    58.25
-103.75    36.25
  46.25    64.25
  30.25     8.25
 -69.75    78.25
  58.25    44.25
 124.25     6.25
  18.25   -27.75
-123.75    60.25
 156.25    66.25
 116.25     6.25
  20.25    64.25
   6.25     6.25
 126.25   -27.75
  26.25    -3.75
  20.25    -9.75
  -9.75     6.25
  22.25    60.25
 106.25    54.25
   8.25    18.25
  24.25    44.25
 -73.75    46.25
 124.25    62.25
-121.75    36.25
  62.25    40.25
 -51.75   -25.75
 146.25   -41.75
 138.25    58.25
  38.25    58.25
  -3.75     8.25
-109.75    54.25
  58.25    60.25
  96.25    20.25
  84.25    48.25
 112.25     2.25
 138.25    62.25
-117.75    44.25
  94.25    46.25
  40.25    34.25
 106.25    46.25
-135.75    60.25
 142.25   -15.75
  66.25    50.25
   2.25    24.25
  86.25    42.25
 -53.75     0.25
 124.25   -19.75
 -69.75   -31.75
  88.25    58.25
   0.25     8.25
  16.25     4.25
  34.25    22.25
  96.25    30.25
  46.25    34.25
  20.25    68.25
 108.25    12.25
  52.25    64.25
  -7.75    18.25
-137.75    62.25
 120.25    52.25
 106.25    50.25
 -77.75    44.25
  20.25    -7.75
  18.25    -9.75
 112.25    42.25
  78.25    56.25
  44.25   -21.75
  -9.75    28.25
-107.75    28.25
  56.25    36.25
 -81.75    46.25
  96.25    72.25
 -69.75   -27.75
 134.25   -17.75
 102.25    12.25
  56.25    30.25
 -21.75    80.25
 122.25    70.25
 -79.75     0.25
 -97.75    30.25
  32.25    62.25
 -69.75   -53.75
-123.75    54.25
-115.75    38.25
 -87.75    46.25
  28.25    38.25
  14.25    16.25
  28.25    68.25
-121.75    52.25
  -5.75    38.25
  26.25    52.25
 122.25    48.25
 -61.75   -27.75
  44.25    24.25
 132.25   -19.75
-105.75    48.25
 -55.75     2.25
 104.25    72.25
-105.75    50.25
   0.25    42.25
 126.25   -15.75
 -57.75   -27.75
  84.25    72.25
 176.25   -37.75
 -55.75   -31.75
 120.25    -1.75
 -51.75   -27.75
  24.25   -19.75
 -87.75    56.25
  92.25    74.25
-105.75    64.25
 132.25   -17.75
   0.25    32.25
 -67.75    -3.75
 120.25    36.25
-111.75    38.25
  96.25    66.25
 154.25    64.25
  -1.75    20.25
 -59.75     6.25
 -11.75     8.25
  78.25    46.25
  56.25    74.25
  60.25    50.25
 142.25    44.25
 -51.75     4.25
  40.25    10.25
-105.75    26.25
  24.25    60.25
 102.25    14.25
 -67.75    66.25
 -65.75    18.25
-123.75    74.25
  42.25    18.25
  30.25     0.25
  34.25   -21.75
  32.25     2.25
-137.75    64.25
-119.75    38.25
 -97.75    16.25
 -55.75    -3.75
 -71.75   -11.75
  92.25    58.25
  64.25    52.25
-159.75    64.25
  22.25    20.25
  62.25    44.25
 136.25   -29.75
  20.25   -17.75
  66.25    30.25
 -51.75    64.25
  94.25    16.25
 138.25   -27.75
-103.75    34.25
  92.25    34.25
 110.25    70.25
 128.25    62.25
  24.25    38.25
  70.25    72.25
 -53.75   -21.75
  12.25   -15.75
 -99.75    42.25
 -89.75    66.25
  22.25   -19.75
  82.25    54.25
 106.25    10.25
 114.25    48.25
 136.25    -3.75
   2.25    28.25
  84.25    22.25
-115.75    54.25
 -61.75   -21.75
  14.25    60.25
  78.25    10.25
 -93.75    56.25
 -45.75   -13.75
  18.25   -23.75
  26.25    66.25
 138.25    66.25
 -91.75    76.25
 104.25    62.25
  22.25    68.25
   0.25    22.25
  26.25     2.25
 -59.75     0.25
  62.25    36.25
  36.25    10.25
 148.25   -33.75
   4.25    24.25
 112.25    48.25
  -5.75    26.25
  88.25    38.25
  16.25    -7.75
 160.25    62.25
  38.25    34.25
  84.25    26.25
-173.75    66.25
 -93.75    72.25
 104.25    56.25
  60.25    30.25
  -7.75    30.25
 132.25    -1.75
  56.25    66.25
   2.25     8.25
 -69.75    10.25
 160.25    66.25
  12.25     0.25
 100.25    48.25
  66.25    48.25
 -39.75   -15.75
-121.75    42.25
 -83.75    62.25
 -57.75    -5.75
  10.25     6.25
-115.75    40.25
  24.25    56.25
  78.25    72.25
  88.25    26.25
  56.25    54.25
  70.25    70.25
  16.25   -25.75
-111.75    40.25
 -61.75    -5.75
  32.25     0.25
 138.25    36.25
 -85.75    52.25
  98.25    48.25
 -59.75   -31.75
   4.25    46.25
   6.25    18.25
 104.25    44.25
  50.25    24.25
  90.25    38.25
-129.75    58.25
-107.75    40.25
-109.75    64.25
 120.25    34.25
  60.25    42.25
   4.25    10.25
 106.25    60.25
 -71.75    -5.75
  16.25    66.25
 120.25    66.25
  56.25    34.25
  62.25    50.25
  94.25    56.25
 -85.75    12.25
-105.75    54.25
 -97.75    24.25
 -61.75   -13.75
 140.25    64.25
  34.25    60.25
-113.75    56.25
 -51.75   -13.75
 130.25    52.25
  66.25    64.25
  18.25    44.25
-115.75    34.25
  98.25    72.25
 -95.75    70.25
-123.75    56.25
  22.25    12.25
   0.25    34.25
   6.25    22.25
 108.25    26.25
-145.75    66.25
  34.25    -7.75
 146.25   -37.75
-115.75    64.25
  30.25    10.25
 -61.75    -9.75
  44.25    48.25
 -45.75    -5.75
  10.25    44.25
 108.25    44.25
  20.25   -15.75
 126.25    58.25
  30.25    -3.75
  60.25    56.25
 138.25   -33.75
  28.25   -19.75
 -63.75    -5.75
-113.75    62.25
  50.25    52.25
 132.25    58.25
 -77.75    18.25
 -67.75   -29.75
  32.25   -13.75
  12.25    28.25
 -67.75   -13.75
  28.25    56.25
  22.25     8.25
 -71.75    10.25
  32.25   -21.75
 -53.75   -27.75
 -97.75    60.25
  90.25    58.25
  86.25    60.25
 -75.75    42.25
-161.75    62.25
 102.25    62.25
   8.25    10.25
 114.25    -7.75
  28.25    46.25
 112.25    50.25
  40.25    20.25
-151.75    70.25
 110.25    52.25
 134.25    70.25
  96.25    74.25
  88.25    46.25
 166.25    60.25
-121.75    48.25
   6.25    20.25
 144.25   -35.75
  66.25    62.25
 -77.75     0.25
 -57.75   -19.75
 162.25    64.25
  36.25    32.25
 172.25    68.25
  10.25    64.25
  12.25    32.25
  14.25    -7.75
  86.25    70.25
 -37.75    -7.75
 118.25    56.25
 -69.75   -51.75
 142.25   -37.75
  72.25    44.25
-135.75    62.25
-127.75    56.25
  94.25    64.25
   8.25    16.25
 124.25    70.25
  88.25    60.25
  96.25    70.25
 -13.75    24.25
 -43.75    -5.75
  74.25    44.25
  44.25    22.25
  28.25    -7.75
  30.25    56.25
 170.25   -45.75
  24.25   -27.75
 128.25   -25.75
 116.25    40.25
  20.25     0.25
  74.25    64.25
 -61.75   -15.75
 172.25   -41.75
  70.25    66.25
  98.25    66.25
 122.25    68.25
 -67.75   -49.75
-101.75    50.25
 104.25    64.25
  68.25    64.25
 120.25    56.25
  18.25    66.25
 116.25   -21.75
 132.25   -21.75
   0.25    10.25
 144.25    72.25
 140.25    40.25
  86.25    52.25
-117.75    56.25
  62.25    64.25
 102.25    58.25
-101.75    52.25
 172.25    66.25
 -13.75    26.25
 -57.75     4.25
 118.25    48.25
  76.25    26.25
 104.25    52.25
 -91.75    30.25
  28.25    -3.75
  52.25    34.25
 132.25   -15.75
  24.25     6.25
  86.25    44.25
 -77.75    -5.75
-119.75    44.25
  86.25    48.25
 -91.75    64.25
  -5.75    20.25
 -73.75    -5.75
 -95.75    52.25
  22.25   -33.75
-123.75    44.25
  -1.75    14.25
 178.25    68.25
 -67.75   -39.75
  68.25    42.25
  40.25     8.25
  -1.75    48.25
 -75.75    -9.75
  16.25    24.25
 -63.75    56.25
  82.25    18.25
  84.25    30.25
  26.25    42.25
 110.25    22.25
 -95.75    30.25
 100.25    28.25
  24.25    -5.75
 130.25   -13.75
 108.25    66.25
  86.25    58.25
 -73.75    42.25
  66.25    58.25
 -73.75   -15.75
 150.25   -33.75
 -69.75     4.25
 -65.75   -39.75
  16.25    68.25
 -69.75    -1.75
 126.25    40.25
-127.75    58.25
 108.25    72.25
-107.75    62.25
 118.25    32.25
 -71.75   -41.75
-147.75    64.25
  84.25    34.25
 -91.75    36.25
 112.25    74.25
 -99.75    46.25
  30.25   -27.75
  98.25    54.25
 -71.75    48.25
 -69.75    -7.75
 -65.75   -33.75
  98.25    18.25
  48.25    46.25
  70.25    48.25
  14.25   -19.75
  36.25    22.25
-139.75    66.25
-129.75    66.25
 106.25    32.25
 106.25    20.25
-133.75    68.25
 128.25    58.25
 134.25   -25.75
  68.25    26.25
  52.25    50.25
  96.25    36.25
 -83.75    78.25
   8.25    60.25
 120.25    54.25
-143.75    62.25
  30.25    38.25
-109.75    60.25
 -65.75    44.25
 -45.75   -11.75
 -99.75    24.25
 -93.75    68.25
  34.25    48.25
  24.25   -23.75
 142.25    62.25
  80.25     8.25
  92.25    38.25
 -75.75     4.25
  22.25    50.25
  70.25    32.25
 162.25    60.25
  26.25    -5.75
 104.25    -1.75
 126.25    -7.75
  88.25    34.25
 -65.75    -9.75
  40.25    46.25
  96.25    56.25
  34.25    24.25
 -65.75    -1.75
 104.25    60.25
 132.25    44.25
 -55.75    48.25
 -47.75   -23.75
-131.75    64.25
-111.75    70.25
   8.25    62.25
  96.25    42.25
 124.25   -17.75
 136.25    66.25
  56.25    18.25
  -7.75    54.25
 -69.75     2.25
 -69.75    64.25
  96.25    54.25
-129.75    64.25
 134.25   -15.75
 -55.75     4.25
  42.25    24.25
 -21.75    64.25
  58.25    52.25
  16.25    -1.75
  84.25    50.25
-109.75    44.25
  56.25    44.25
 118.25    50.25
  74.25    54.25
  58.25    26.25
 136.25    62.25
 -79.75    44.25
 178.25    64.25
  48.25    62.25
  96.25    22.25
 106.25    36.25
 -99.75    22.25
  98.25    36.25
  44.25    40.25
-109.75    78.25
 110.25    -7.75
 -65.75   -27.75
   4.25    14.25
 110.25    64.25
  22.25    38.25
 -69.75   -23.75
  48.25    18.25
  16.25    54.25
  30.25    12.25
 -63.75    82.25
  26.25   -23.75
 144.25   -17.75
 -85.75    68.25
-103.75    58.25
 -11.75    28.25
  48.25    32.25
 -71.75   -47.75
  94.25    60.25
-109.75    50.25
 116.25    32.25
  96.25    52.25
-101.75    20.25
 124.25   -21.75
 136.25   -15.75
  94.25    62.25
-147.75    66.25
 -67.75   -41.75
  90.25    62.25
 -11.75    12.25
  40.25     6.25
 104.25    42.25
  18.25     2.25
  22.25   -31.75
 -91.75    68.25
 172.25   -43.75
 -91.75    66.25
 -93.75    18.25
  36.25   -17.75
  14.25   -21.75
 -65.75   -29.75
 -23.75    72.25
  58.25    28.25
 120.25    32.25
  20.25    30.25
  94.25    52.25
 122.25   -17.75
  -5.75    40.25
-107.75    68.25
  42.25    54.25
-103.75    42.25
  76.25    58.25
  74.25    38.25
-113.75    50.25
 116.25    52.25
  26.25    -9.75
 142.25   -31.75
 166.25   -21.75
 142.25    -7.75
 -91.75    54.25
  -3.75    50.25
 -87.75    40.25
  44.25     4.25
  76.25    64.25
-123.75    48.25
 142.25    60.25
  24.25    26.25
  22.25    10.25
  16.25    26.25
  70.25    68.25
-133.75    64.25
 -53.75   -11.75
 170.25    66.25
  98.25    44.25
 134.25    60.25
  54.25    62.25
 142.25    52.25
 148.25   -31.75
-109.75    52.25
 104.25    26.25
 -67.75     6.25
  52.25    68.25
 -69.75    -9.75
   6.25    34.25
  20.25    46.25
  44.25    36.25
 144.25   -19.75
  94.25    72.25
 134.25    68.25
  38.25    16.25
  44.25    52.25
 -63.75   -11.75
 -99.75    54.25
 -69.75   -33.75
  20.25     8.25
 122.25    52.25
 -43.75   -17.75
-119.75    36.25
-121.75    54.25
-155.75    62.25
 -73.75    62.25
 -95.75    32.25
 -53.75   -31.75
 110.25    62.25
  26.25   -21.75
  32.25    -5.75
  32.25    56.25
 -59.75   -11.75
 -97.75    62.25
 -53.75     4.25
 152.25    66.25
  14.25    48.25
  82.25    58.25
  90.25    74.25
  84.25    64.25
 -87.75    52.25
 130.25    42.25
  36.25    -3.75
  16.25    16.25
 -79.75    40.25
  24.25    30.25
  94.25    28.25
 -13.75    16.25
  38.25    -9.75
 102.25    36.25
-121.75    66.25
-101.75    26.25
  24.25    42.25
  98.25    16.25
  16.25     8.25
 140.25   -29.75
 -23.75    80.25
 176.25    68.25
  42.25     6.25
 -63.75    -7.75
 -73.75     2.25
 -95.75    54.25
 -77.75    38.25
 -87.75    42.25
  -7.75    14.25
  34.25    16.25
-117.75    76.25
 132.25    60.25
  30.25    58.25
  56.25    50.25
  48.25    34.25
 -65.75    58.25
-145.75    68.25
-119.75    74.25
-111.75    52.25
  44.25    10.25
  18.25    12.25
 156.25    62.25
 106.25    18.25
 152.25   -25.75
 -83.75    70.25
  42.25    60.25
 -85.75    46.25
 140.25    62.25
  34.25     4.25
  36.25    20.25
  24.25    -7.75
 -69.75   -17.75
 -63.75   -39.75
 112.25    62.25
 -63.75    -9.75
  20.25    10.25
  98.25    26.25
  26.25    64.25
 -67.75   -47.75
 148.25   -35.75
 112.25    58.25
-105.75    58.25
 -49.75    -5.75
-117.75    54.25
 -57.75   -11.75
 140.25    36.25
  10.25    32.25
  70.25    52.25
  30.25    52.25
  36.25    -9.75
  22.25    62.25
  14.25    62.25
  58.25    50.25
  60.25    64.25
-151.75    62.25
-103.75    32.25
 -87.75    34.25
  24.25    62.25
-111.75    64.25
  96.25    68.25
  -1.75    38.25
  14.25    26.25
  12.25    16.25
 156.25    54.25
  70.25    30.25
  44.25    42.25
  80.25    64.25
  46.25     8.25
  42.25    10.25
 104.25    -3.75
 -15.75    14.25
 -67.75   -43.75
 -39.75   -13.75
 -71.75    52.25
 132.25    70.25
  90.25    44.25
 -39.75    -3.75
 166.25    66.25
-157.75    70.25
  72.25    40.25
 -23.75    70.25
  26.25    22.25
   0.25    14.25
 108.25    74.25
  94.25    74.25
 -59.75     2.25
  34.25     2.25
  94.25    68.25
  38.25    50.25
  -3.75    56.25
 144.25   -31.75
 -49.75   -11.75
  54.25    52.25
  40.25    54.25
-153.75    62.25
  76.25    12.25
  92.25    68.25
  90.25    42.25
  84.25    62.25
 122.25    44.25
  16.25    -9.75
 108.25    54.25
 126.25    70.25
 -73.75    48.25
   6.25    36.25
 -89.75    20.25
-101.75    48.25
 -73.75   -47.75
-153.75    64.25
  44.25    34.25
  70.25    42.25
 -43.75   -21.75
 146.25   -35.75
 -99.75    28.25
 110.25    32.25
 132.25    50.25
 -71.75   -39.75
   0.25    12.25
 118.25   -31.75
  60.25    32.25
  78.25    16.25
-101.75    34.25
 -67.75    64.25
-101.75    22.25
 108.25    56.25
 -39.75    -5.75
  32.25    38.25
  78.25    40.25
  10.25    16.25
  94.25    36.25
-123.75    40.25
  52.25    48.25
 128.25   -19.75
  40.25    38.25
   4.25    34.25
  90.25    50.25
 -37.75    -9.75
   6.25    12.25
   2.25    30.25
   0.25    48.25
 150.25    66.25
  62.25    34.25
   6.25    44.25
 -65.75    -5.75
-109.75    42.25
 128.25    70.25
 -15.75    22.25
 -81.75    28.25
  36.25   -13.75
  62.25    48.25
  58.25    40.25
 110.25    28.25
 -77.75    46.25
 -67.75   -27.75
 124.25    -9.75
 -67.75     0.25
 -67.75    70.25
 -77.75    -9.75
-137.75    60.25
  60.25    62.25
   4.25    48.25
 144.25   -15.75
  78.25    42.25
   0.25    46.25
  16.25    60.25
  26.25    18.25
  84.25    60.25
  26.25    46.25
 148.25    66.25
 -55.75    82.25
  20.25    26.25
  74.25    40.25
 -49.75   -25.75
 -53.75    -3.75
  26.25    -1.75
 174.25    68.25
  26.25   -33.75
 102.25    46.25
 150.25    -5.75
  78.25    44.25
 -75.75    60.25
 130.25    46.25
  84.25    40.25
  52.25    36.25
-121.75    64.25
  42.25    26.25
 -47.75    -3.75
 124.25    50.25
  74.25    48.25
-123.75    68.25
-101.75    58.25
 -83.75    22.25
  82.25    24.25
-115.75    66.25
  84.25    44.25
  84.25    66.25
 116.25    56.25
  70.25    26.25
 -95.75    78.25
 132.25   -13.75
 136.25   -25.75
 -71.75   -43.75
   8.25    32.25
  10.25    50.25
 102.25    74.25
 102.25    48.25
-117.75    58.25
  40.25    12.25
 -79.75    56.25
 114.25    60.25
 -91.75    34.25
  52.25    62.25
 108.25    14.25
 134.25   -23.75
  86.25    50.25
  40.25    60.25
-111.75    66.25
 -79.75    34.25
 -71.75     0.25
 126.25    46.25
  -5.75     6.25
  46.25    28.25
  92.25    26.25
 -93.75    52.25
  92.25    56.25
 -75.75   -11.75
   2.25    44.25
 148.25    70.25
  32.25     4.25
  42.25    42.25
  34.25    30.25
-147.75    62.25
 146.25   -33.75
   2.25    10.25
 164.25    66.25
  12.25    14.25
  28.25    48.25
 -59.75   -17.75
 -81.75    50.25
-127.75    70.25
   4.25    18.25
 -95.75    64.25
 -69.75    -5.75
 102.25    34.25
  98.25    20.25
  40.25    14.25
 -79.75    42.25
  24.25    10.25
-111.75    54.25
 120.25   -21.75
 -73.75    -9.75
 136.25    54.25
  28.25    66.25
   2.25    26.25
  44.25    68.25
 -47.75   -15.75
 -57.75    54.25
  20.25    18.25
  26.25    30.25
 114.25    36.25
  50.25    56.25
 -91.75    52.25
  20.25     4.25
 -59.75   -23.75
  98.25     4.25
  80.25    20.25
 144.25    60.25
-119.75    60.25
-103.75    48.25
 158.25    56.25
  24.25    16.25
 114.25     4.25
 122.25   -19.75
-103.75    56.25
  36.25    60.25
-117.75    72.25
 -45.75   -17.75
  60.25    60.25
 110.25     0.25
 142.25    48.25
-177.75    68.25
 146.25   -29.75
 114.25    58.25
 -51.75   -15.75
  30.25    30.25
 -61.75    -7.75
  10.25     8.25
 126.25    64.25
  20.25    22.25
  38.25    14.25
  34.25   -19.75
 128.25    56.25
-109.75    66.25
 102.25    60.25
-107.75    46.25
  46.25    20.25
-129.75    62.25
 132.25    66.25
  34.25    18.25
 -49.75   -27.75
  20.25   -19.75
 -97.75    46.25
-105.75    46.25
 146.25   -19.75
 -57.75    -7.75
  32.25    20.25
 -15.75    64.25
-127.75    52.25
  86.25    20.25
-121.75    40.25
  22.25    -5.75
  20.25    12.25
  86.25    46.25
  18.25   -31.75
-109.75    28.25
 -69.75    58.25
 150.25   -25.75
  88.25    44.25
  98.25    22.25
-115.75    60.25
  38.25    28.25
  14.25    -5.75
 -99.75    48.25
  46.25   -15.75
  46.25     4.25
 -79.75    -5.75
  48.25    26.25
  40.25    32.25
   2.25    32.25
  24.25    64.25
  64.25    62.25
  40.25    30.25
-149.75    62.25
  22.25   -23.75
 -47.75   -11.75
 106.25    12.25
  -3.75     6.25
 -83.75    36.25
  84.25    38.25
  52.25    56.25
 -99.75    36.25
-131.75    66.25
  74.25    52.25
  72.25    60.25
 -85.75    50.25
  24.25   -15.75
 -13.75    18.25
  14.25   -13.75
 178.25   -17.75
 140.25   -23.75
  48.25    14.25
  -7.75    28.25
 144.25   -29.75
  32.25     6.25
-107.75    30.25
  36.25    40.25
 -89.75    52.25
  20.25    40.25
  48.25    66.25
  18.25    -5.75
 -71.75     4.25
 134.25    58.25
 118.25    40.25
  28.25    18.25
 -47.75    -7.75
 -49.75   -13.75
  96.25    40.25
  32.25    58.25
 -55.75    -1.75
-121.75    74.25
   8.25    28.25
  -7.75    20.25
 -75.75    20.25
  66.25    42.25
 108.25    -7.75
 106.25    70.25
 116.25   -25.75
  26.25   -29.75
 -25.75    80.25
 -59.75   -13.75
 116.25    36.25
  28.25    10.25
  28.25     6.25
 -71.75    -9.75
 -81.75    80.25
  22.25    -1.75
  36.25    30.25
 -83.75    34.25
  -3.75    30.25
 108.25    50.25
 140.25    50.25
-145.75    62.25
 -95.75    40.25
 102.25    76.25
  22.25   -11.75
  82.25    34.25
  78.25    66.25
 140.25   -19.75
 -81.75    70.25
-103.75    30.25
  26.25   -17.75
  40.25     0.25
-101.75    38.25
 -85.75    44.25
  36.25    12.25
-153.75    68.25
 -51.75     2.25
  90.25    40.25
 150.25    60.25
  68.25    56.25
  38.25    46.25
 104.25    74.25
  42.25    46.25
  38.25    66.25
 104.25    68.25
 -59.75   -21.75
 128.25   -31.75
  12.25    62.25
 114.25    44.25
  54.25    18.25
  74.25    60.25
 150.25   -23.75
 136.25   -17.75
   0.25    20.25
  70.25    24.25
  76.25    14.25
 -65.75   -15.75
  38.25    -3.75
 124.25   -23.75
   8.25    52.25
 -63.75     8.25
  64.25    66.25
 118.25    72.25
-165.75    66.25
  46.25    50.25
  22.25    70.25
-109.75    34.25
 -93.75    38.25
 -67.75   -45.75
  26.25    16.25
  84.25    54.25
 138.25   -17.75
 120.25    60.25
 -63.75     0.25
  82.25    32.25
  50.25    34.25
  24.25    -9.75
  56.25    68.25
  12.25    48.25
-159.75    62.25
  48.25    54.25
  72.25    56.25
  86.25    24.25
  22.25    54.25
  26.25   -11.75
-115.75    32.25
  46.25    22.25
 -65.75     4.25
  64.25    68.25
 100.25    24.25
  16.25     6.25
 152.25   -29.75
  16.25    12.25
 -71.75    -7.75
  44.25    46.25
 102.25    64.25
 142.25   -27.75
  14.25    24.25
  88.25    48.25
   6.25    24.25
  -5.75    16.25
-107.75    70.25
   2.25    42.25
 -55.75   -19.75
  58.25    74.25
 -93.75    70.25
  90.25    22.25
 164.25    60.25
  76.25    68.25
 -41.75    -7.75
  80.25    38.25
 148.25    64.25
 134.25    66.25
  14.25    52.25
 -13.75    22.25
  30.25    16.25
 -63.75     2.25
  40.25    58.25
 -85.75    30.25
  14.25    50.25
-121.75    56.25
-107.75    38.25
   0.25     6.25
  -3.75    42.25
  10.25    48.25
  56.25    42.25
  96.25    26.25
  90.25    60.25
-105.75    52.25
  -5.75    12.25
  14.25    14.25
 130.25   -19.75
 -63.75    52.25
  60.25    58.25
  84.25    68.25
 106.25    14.25
 104.25    22.25
 160.25    54.25
-103.75    38.25
 118.25    26.25
 -89.75    42.25
  86.25    22.25
  96.25    60.25
  92.25    50.25
 124.25    58.25
  12.25   -17.75
 116.25   -23.75
 162.25    62.25
 128.25    66.25
  10.25    -1.75
  48.25    36.25
 -41.75    -9.75
  38.25    52.25
 -65.75   -47.75
  34.25    -3.75
  62.25    38.25
  38.25   -11.75
 -59.75     8.25
  74.25    26.25
-117.75    40.25
  10.25    26.25
 100.25    36.25
  66.25    44.25
  56.25    22.25
  38.25   -13.75
  30.25    60.25
  76.25    56.25
  38.25    30.25
 -67.75    68.25
  46.25    58.25
 -41.75   -15.75
  34.25     0.25
 -89.75    48.25
 108.25    22.25
  -5.75    30.25
 -41.75   -11.75
  92.25    54.25
  70.25    44.25
  66.25    66.25
-101.75    30.25
-103.75    20.25
 -55.75   -15.75
 -69.75    44.25
-117.75    48.25
 -53.75   -25.75
-117.75    36.25
  -5.75    32.25
 108.25    30.25
  76.25    40.25
  66.25    32.25
  70.25    36.25
 174.25   -35.75
  -3.75    38.25
  72.25    54.25
 112.25     0.25
 -57.75    -3.75
 156.25    64.25
 122.25    66.25
 -63.75    50.25
 138.25    68.25
  42.25    62.25
  38.25    10.25
-129.75    68.25
 -65.75   -31.75
 136.25   -23.75
 -73.75    18.25
 -57.75     6.25
 -97.75    42.25
  96.25    64.25
-129.75    60.25
  70.25    40.25
  58.25    36.25
  30.25    20.25
  28.25    64.25
-107.75    72.25
 -91.75    44.25
 -67.75   -21.75
 -59.75    -1.75
 134.25    56.25
 -85.75    70.25
  44.25    18.25
  18.25    10.25
  48.25    22.25
 128.25    54.25
 -97.75    40.25
 102.25    38.25
-115.75    36.25
  -5.75     8.25
 -97.75    66.25
  12.25     2.25
  52.25    30.25
-127.75    62.25
-153.75    60.25
 -73.75    10.25
 112.25    52.25
  30.25    14.25
  30.25    18.25
  32.25    16.25
  72.25    36.25
-117.75    46.25
 -55.75   -33.75
  32.25   -17.75
 -75.75     2.25
  82.25    62.25
 -85.75    78.25
  56.25    40.25
 130.25    62.25
 -77.75    -3.75
  76.25    22.25
 -85.75    40.25
  18.25    68.25
   6.25    30.25
-111.75    32.25
 -71.75    50.25
-119.75    56.25
  54.25    20.25
-113.75    58.25
-107.75    32.25
 104.25    40.25
-121.75    68.25
 -67.75   -23.75
 -81.75    38.25
  42.25    32.25
 -71.75   -15.75
  20.25     2.25
  88.25    68.25
  90.25    30.25
  26.25    62.25
 -99.75    78.25
 134.25    50.25
 -99.75    60.25
  28.25   -17.75
 110.25    42.25
  -9.75    18.25
-133.75    66.25
 128.25   -29.75
 -53.75    -9.75
  22.25   -13.75
  80.25    32.25
  90.25    52.25
  20.25    42.25
   2.25    12.25
  36.25   -15.75
  22.25    52.25
 100.25     2.25
  74.25    62.25
 126.25    56.25
  28.25    52.25
  58.25    58.25
  64.25    64.25
-165.75    60.25
  18.25    26.25
 -45.75    -9.75
  78.25    70.25
 -67.75    56.25
   6.25    50.25
  76.25    20.25
-119.75    62.25
  -3.75    52.25
 -97.75    38.25
-133.75    62.25
  34.25    12.25
  48.25    52.25
 -53.75    48.25
  40.25    50.25
 -75.75   -13.75
 -51.75    -5.75
 140.25    -3.75
 -51.75    -9.75
  36.25     8.25
  32.25    14.25
 118.25   -21.75
 -99.75    30.25
-113.75    44.25
  32.25    50.25
  12.25    20.25
 -51.75    -7.75
  18.25    46.25
   8.25    22.25
  88.25    42.25
  46.25    42.25
  86.25    62.25
 106.25    48.25
  78.25    18.25
  58.25    68.25
 122.25    72.25
 -99.75    38.25
   0.25    44.25
  58.25    66.25
 108.25    48.25
 -71.75   -13.75
-125.75    68.25
  64.25    26.25
 134.25    52.25
-119.75    46.25
-117.75    38.25
  34.25    46.25
   6.25    10.25
 -77.75    50.25
  58.25    34.25
 -83.75    32.25
  52.25    58.25
  56.25    28.25
  38.25    68.25
-113.75    66.25
 -91.75    48.25
 -85.75    64.25
-117.75    68.25
  26.25    -7.75
 110.25    58.25
-109.75    38.25
  20.25    48.25
 -45.75    -7.75
  68.25    76.25
  80.25    22.25
  -7.75    24.25
 110.25    76.25
 110.25    -1.75
  70.25    64.25
  30.25    64.25
-113.75    36.25
 108.25    64.25
  -1.75    40.25
-105.75    28.25
  60.25    66.25
-101.75    44.25
   0.25    52.25
 -59.75    52.25
-117.75    60.25
  84.25    58.25
 118.25    28.25
 128.25   -21.75
 -61.75   -33.75
 -83.75    54.25
 116.25    66.25
 116.25   -33.75
  68.25    40.25
  -7.75    16.25
  12.25    54.25
 -73.75    -1.75
 120.25   -29.75
 116.25     4.25
 -67.75   -19.75
 -71.75   -51.75
  24.25    68.25
  76.25    54.25
  62.25    58.25
 126.25   -21.75
  36.25    48.25
-171.75    66.25
 108.25    42.25
  96.25    44.25
  40.25     4.25
 -93.75    74.25
-117.75    52.25
  68.25    32.25
 128.25    52.25
 -99.75    62.25
 -85.75    14.25
 114.25    54.25
  66.25    54.25
 118.25    64.25
  90.25    56.25
  -5.75    10.25
 130.25   -11.75
 -61.75   -37.75
 148.25   -29.75
  74.25    22.25
  28.25    -9.75
  14.25     6.25
-101.75    62.25
-113.75    40.25
  -1.75    26.25
 136.25    -1.75
 -71.75     6.25
 -77.75     2.25
 -51.75   -29.75
  60.25    38.25
  32.25    -9.75
-105.75    56.25
  84.25    20.25
  54.25    40.25
  62.25    46.25
  20.25    32.25
 102.25    28.25
  50.25    16.25
 -69.75   -21.75
  84.25    32.25
  28.25    54.25
  14.25    -3.75
 142.25    70.25
 176.25    66.25
 114.25    72.25
 132.25    56.25
  32.25    24.25
 -81.75    34.25
  80.25    56.25
 -55.75   -11.75
  54.25    58.25
  20.25   -23.75
 140.25   -31.75
  64.25    36.25
 112.25    44.25
 100.25    44.25
  12.25    12.25
-159.75    66.25
 -45.75   -23.75
 -19.75    64.25
 174.25    62.25
 -61.75   -31.75
  78.25    64.25
 132.25   -31.75
  12.25    42.25
  68.25    54.25
  72.25    30.25
  30.25    22.25
 -59.75    -9.75
-161.75    68.25
-149.75    60.25
 108.25    52.25
 120.25    30.25
 -55.75   -23.75
 100.25    18.25
 102.25    32.25
  22.25     6.25
-121.75    58.25
 -85.75    54.25
  66.25    38.25
 -69.75    -3.75
  70.25    56.25
   8.25     8.25
  90.25    54.25
 -99.75    58.25
 -69.75    70.25
 136.25    56.25
  32.25    48.25
-155.75    60.25
  14.25    30.25
  22.25    44.25
-115.75    72.25
  62.25    66.25
  30.25     4.25
  68.25    52.25
 -83.75    46.25
  94.25    24.25
  38.25    -7.75
  44.25    32.25
 -89.75    38.25
 -93.75    64.25
 -51.75    68.25
  46.25    40.25
 100.25    68.25
  26.25    50.25
-105.75    24.25
  34.25     8.25
  20.25   -29.75
  82.25    60.25
-121.75    38.25
 -71.75   -49.75
  60.25    36.25
 110.25    72.25
  12.25    58.25
  38.25    54.25
-109.75    58.25
  66.25    28.25
 130.25   -23.75
  34.25    20.25
 -51.75    -1.75
 -65.75   -11.75
  58.25    46.25
 138.25   -25.75
  92.25    62.25
  30.25    -5.75
  90.25    64.25
  54.25    38.25
 132.25    68.25
  56.25    48.25
  38.25    26.25
  14.25    66.25
 -71.75    66.25
  34.25     6.25
  40.25    22.25
-123.75    52.25
 114.25    30.25
  52.25    28.25
  80.25    66.25
  10.25     2.25
 138.25    60.25
  24.25   -25.75
 -71.75    46.25
 -81.75    36.25
-111.75    44.25
 114.25   -27.75
 -97.75    18.25
 146.25    -5.75
  58.25    64.25
 -73.75    54.25
  16.25     2.25
  90.25    66.25
  34.25   -17.75
  34.25    54.25
  -7.75    12.25
 138.25   -29.75
 -75.75    62.25
  14.25   -11.75
 -79.75    70.25
  96.25    62.25
  -3.75    12.25
  74.25    56.25
 104.25    28.25
 -97.75    68.25
  96.25    58.25
 102.25    70.25
 110.25    36.25
  78.25    26.25
-117.75    62.25
-101.75    36.25
  12.25     8.25
  34.25   -13.75
 -89.75    30.25
 144.25   -25.75
 122.25   -27.75
 114.25    32.25
 -61.75    54.25
  92.25    64.25
 100.25    76.25
 108.25    58.25
-103.75    44.25
 -89.75    72.25
-131.75    62.25
  34.25   -11.75
 138.25   -21.75
 -59.75   -27.75
  48.25     8.25
 -93.75    58.25
 106.25    72.25
 110.25    56.25
  32.25   -11.75
 100.25    62.25
  70.25    34.25
 130.25    68.25
  78.25    22.25
 116.25    60.25
 142.25    46.25
 136.25    60.25
 -73.75     0.25
  22.25    -9.75
  -9.75    12.25
  92.25    40.25
 -79.75    38.25
  72.25    64.25
   6.25    28.25
 108.25    46.25
-141.75    62.25
  26.25    14.25
 118.25    42.25
 158.25    66.25
-131.75    56.25
  34.25    50.25
 148.25    60.25
  98.25    56.25
 -91.75    16.25
-137.75    66.25
  40.25   -11.75
  16.25   -19.75
  16.25   -13.75
  20.25    16.25
 -83.75    38.25
 164.25    68.25
 -73.75    56.25
 -65.75    56.25
 122.25   -25.75
  42.25    66.25
 -53.75    70.25
  16.25   -23.75
 -75.75    52.25
  14.25    20.25
 -99.75    50.25
 -13.75    14.25
 102.25    52.25
  10.25    18.25
  68.25    48.25
  22.25   -17.75
 110.25    44.25
 146.25    66.25
 -95.75    50.25
  -1.75    34.25
  74.25    18.25
  88.25    30.25
   4.25    30.25
  98.25    74.25
 118.25    36.25
 -69.75    68.25
 102.25    44.25
 116.25    24.25
 -87.75    36.25
 -89.75    50.25
 136.25    68.25
 -67.75     2.25
 158.25    62.25
 100.25    30.25
  54.25    72.25
  42.25    58.25
 -37.75    -5.75
 -83.75    52.25
  16.25    30.25
-143.75    66.25
 -75.75    58.25
  70.25    60.25
  46.25    68.25
 134.25   -21.75
 102.25    22.25
-149.75    68.25
  70.25    22.25
 -65.75    64.25
  30.25   -13.75
  50.25    50.25
 -53.75   -13.75
  72.25    26.25
  36.25    36.25
 136.25    50.25
  24.25    20.25
  82.25    44.25
-103.75    40.25
  10.25    10.25
 -81.75    22.25
 120.25    50.25
  64.25    46.25
-113.75    52.25
  64.25    34.25
 -75.75    38.25
  22.25   -27.75
  10.25    36.25
 112.25    70.25
 100.25    38.25
-143.75    64.25
 -55.75   -17.75
  46.25    46.25
-109.75    56.25
 -75.75    70.25
  -9.75    54.25
 -63.75   -15.75
  20.25    -3.75
 124.25    66.25
 124.25    60.25
 102.25    56.25
  92.25    42.25
-109.75    70.25
 116.25    58.25
  34.25    52.25
-105.75    60.25
 118.25    58.25
 -69.75    60.25
  16.25    10.25
  30.25    36.25
  18.25   -25.75
 126.25    42.25
  32.25    28.25
  -1.75    10.25
 -87.75    66.25
 -69.75    50.25
  68.25    24.25
  -7.75    26.25
 140.25    70.25
 144.25    66.25
 104.25    34.25
 140.25   -27.75
-109.75    46.25
-127.75    64.25
  80.25    68.25
 140.25   -25.75
 -83.75    48.25
-105.75    68.25
  64.25    42.25
 124.25    72.25
  30.25    -9.75
 132.25   -25.75
  88.25    40.25
  46.25    18.25
  48.25    10.25
  42.25     4.25
-121.75    60.25
-113.75    32.25
  -5.75    56.25
  92.25    36.25
 -99.75    34.25
  26.25     0.25
 120.25   -31.75
  86.25    72.25
   2.25    48.25
