 281.25   82.50
 285.00   82.50
 288.75   82.50
 292.50   82.50
 315.00   82.50
 318.75   82.50
 322.50   82.50
 326.25   82.50
 330.00   82.50
 333.75   82.50
 270.00   80.00
 273.75   80.00
 277.50   80.00
 281.25   80.00
 285.00   80.00
 288.75   80.00
 292.50   80.00
 296.25   80.00
 300.00   80.00
 303.75   80.00
 307.50   80.00
 311.25   80.00
 315.00   80.00
 318.75   80.00
 322.50   80.00
 326.25   80.00
 330.00   80.00
 333.75   80.00
 337.50   80.00
 341.25   80.00
 101.25   77.50
 105.00   77.50
 270.00   77.50
 273.75   77.50
 277.50   77.50
 281.25   77.50
 292.50   77.50
 296.25   77.50
 300.00   77.50
 303.75   77.50
 307.50   77.50
 311.25   77.50
 315.00   77.50
 318.75   77.50
 322.50   77.50
 326.25   77.50
 330.00   77.50
 333.75   77.50
 337.50   77.50
  90.00   75.00
  93.75   75.00
  97.50   75.00
 101.25   75.00
 105.00   75.00
 108.75   75.00
 112.50   75.00
 270.00   75.00
 273.75   75.00
 277.50   75.00
 303.75   75.00
 307.50   75.00
 311.25   75.00
 315.00   75.00
 318.75   75.00
 322.50   75.00
 326.25   75.00
 330.00   75.00
 333.75   75.00
 337.50   75.00
  71.25   72.50
  82.50   72.50
  86.25   72.50
  90.00   72.50
  93.75   72.50
  97.50   72.50
 101.25   72.50
 105.00   72.50
 108.75   72.50
 112.50   72.50
 116.25   72.50
 120.00   72.50
 123.75   72.50
 127.50   72.50
 236.25   72.50
 240.00   72.50
 243.75   72.50
 247.50   72.50
 266.25   72.50
 270.00   72.50
 273.75   72.50
 277.50   72.50
 281.25   72.50
 307.50   72.50
 311.25   72.50
 315.00   72.50
 318.75   72.50
 322.50   72.50
 326.25   72.50
 330.00   72.50
 333.75   72.50
 337.50   72.50
  22.50   70.00
  26.25   70.00
  30.00   70.00
  67.50   70.00
  71.25   70.00
  75.00   70.00
  78.75   70.00
  82.50   70.00
  86.25   70.00
  90.00   70.00
  93.75   70.00
  97.50   70.00
 101.25   70.00
 105.00   70.00
 108.75   70.00
 112.50   70.00
 116.25   70.00
 120.00   70.00
 123.75   70.00
 127.50   70.00
 131.25   70.00
 135.00   70.00
 138.75   70.00
 142.50   70.00
 146.25   70.00
 150.00   70.00
 153.75   70.00
 157.50   70.00
 202.50   70.00
 206.25   70.00
 210.00   70.00
 236.25   70.00
 240.00   70.00
 243.75   70.00
 247.50   70.00
 251.25   70.00
 255.00   70.00
 266.25   70.00
 270.00   70.00
 273.75   70.00
 277.50   70.00
 281.25   70.00
 285.00   70.00
 288.75   70.00
 307.50   70.00
 311.25   70.00
 315.00   70.00
 318.75   70.00
 322.50   70.00
 326.25   70.00
 330.00   70.00
 333.75   70.00
  15.00   67.50
  18.75   67.50
  22.50   67.50
  26.25   67.50
  30.00   67.50
  33.75   67.50
  37.50   67.50
  52.50   67.50
  56.25   67.50
  60.00   67.50
  63.75   67.50
  67.50   67.50
  71.25   67.50
  75.00   67.50
  78.75   67.50
  82.50   67.50
  86.25   67.50
  90.00   67.50
  93.75   67.50
  97.50   67.50
 101.25   67.50
 105.00   67.50
 108.75   67.50
 112.50   67.50
 116.25   67.50
 120.00   67.50
 123.75   67.50
 127.50   67.50
 131.25   67.50
 135.00   67.50
 138.75   67.50
 142.50   67.50
 146.25   67.50
 150.00   67.50
 153.75   67.50
 157.50   67.50
 161.25   67.50
 165.00   67.50
 168.75   67.50
 172.50   67.50
 176.25   67.50
 180.00   67.50
 183.75   67.50
 187.50   67.50
 198.75   67.50
 202.50   67.50
 206.25   67.50
 210.00   67.50
 213.75   67.50
 217.50   67.50
 221.25   67.50
 225.00   67.50
 228.75   67.50
 232.50   67.50
 236.25   67.50
 240.00   67.50
 243.75   67.50
 247.50   67.50
 251.25   67.50
 255.00   67.50
 258.75   67.50
 262.50   67.50
 266.25   67.50
 270.00   67.50
 273.75   67.50
 277.50   67.50
 288.75   67.50
 292.50   67.50
 307.50   67.50
 311.25   67.50
 315.00   67.50
 318.75   67.50
 322.50   67.50
 326.25   67.50
  15.00   65.00
  18.75   65.00
  26.25   65.00
  30.00   65.00
  33.75   65.00
  37.50   65.00
  41.25   65.00
  45.00   65.00
  48.75   65.00
  52.50   65.00
  56.25   65.00
  60.00   65.00
  63.75   65.00
  67.50   65.00
  71.25   65.00
  75.00   65.00
  78.75   65.00
  82.50   65.00
  86.25   65.00
  90.00   65.00
  93.75   65.00
  97.50   65.00
 101.25   65.00
 105.00   65.00
 108.75   65.00
 112.50   65.00
 116.25   65.00
 120.00   65.00
 123.75   65.00
 127.50   65.00
 131.25   65.00
 135.00   65.00
 138.75   65.00
 142.50   65.00
 146.25   65.00
 150.00   65.00
 153.75   65.00
 157.50   65.00
 161.25   65.00
 165.00   65.00
 168.75   65.00
 172.50   65.00
 176.25   65.00
 198.75   65.00
 202.50   65.00
 206.25   65.00
 210.00   65.00
 213.75   65.00
 217.50   65.00
 221.25   65.00
 225.00   65.00
 228.75   65.00
 232.50   65.00
 236.25   65.00
 240.00   65.00
 243.75   65.00
 247.50   65.00
 251.25   65.00
 255.00   65.00
 258.75   65.00
 262.50   65.00
 266.25   65.00
 270.00   65.00
 273.75   65.00
 288.75   65.00
 292.50   65.00
 311.25   65.00
 315.00   65.00
 318.75   65.00
 341.25   65.00
 345.00   65.00
   7.50   62.50
  11.25   62.50
  15.00   62.50
  22.50   62.50
  26.25   62.50
  30.00   62.50
  33.75   62.50
  37.50   62.50
  41.25   62.50
  45.00   62.50
  48.75   62.50
  52.50   62.50
  56.25   62.50
  60.00   62.50
  63.75   62.50
  67.50   62.50
  71.25   62.50
  75.00   62.50
  78.75   62.50
  82.50   62.50
  86.25   62.50
  90.00   62.50
  93.75   62.50
  97.50   62.50
 101.25   62.50
 105.00   62.50
 108.75   62.50
 112.50   62.50
 116.25   62.50
 120.00   62.50
 123.75   62.50
 127.50   62.50
 131.25   62.50
 135.00   62.50
 138.75   62.50
 142.50   62.50
 146.25   62.50
 150.00   62.50
 153.75   62.50
 157.50   62.50
 161.25   62.50
 165.00   62.50
 168.75   62.50
 172.50   62.50
 176.25   62.50
 198.75   62.50
 202.50   62.50
 206.25   62.50
 210.00   62.50
 213.75   62.50
 217.50   62.50
 221.25   62.50
 225.00   62.50
 228.75   62.50
 232.50   62.50
 236.25   62.50
 240.00   62.50
 243.75   62.50
 247.50   62.50
 251.25   62.50
 255.00   62.50
 258.75   62.50
 262.50   62.50
 266.25   62.50
 292.50   62.50
 311.25   62.50
 315.00   62.50
   7.50   60.00
  11.25   60.00
  15.00   60.00
  26.25   60.00
  30.00   60.00
  33.75   60.00
  37.50   60.00
  41.25   60.00
  45.00   60.00
  48.75   60.00
  52.50   60.00
  56.25   60.00
  60.00   60.00
  63.75   60.00
  67.50   60.00
  71.25   60.00
  75.00   60.00
  78.75   60.00
  82.50   60.00
  86.25   60.00
  90.00   60.00
  93.75   60.00
  97.50   60.00
 101.25   60.00
 105.00   60.00
 108.75   60.00
 112.50   60.00
 116.25   60.00
 120.00   60.00
 123.75   60.00
 127.50   60.00
 131.25   60.00
 135.00   60.00
 138.75   60.00
 142.50   60.00
 146.25   60.00
 150.00   60.00
 153.75   60.00
 165.00   60.00
 198.75   60.00
 202.50   60.00
 206.25   60.00
 210.00   60.00
 213.75   60.00
 217.50   60.00
 221.25   60.00
 225.00   60.00
 228.75   60.00
 232.50   60.00
 236.25   60.00
 240.00   60.00
 243.75   60.00
 247.50   60.00
 251.25   60.00
 255.00   60.00
 258.75   60.00
 262.50   60.00
 285.00   60.00
 288.75   60.00
  15.00   57.50
  26.25   57.50
  30.00   57.50
  33.75   57.50
  37.50   57.50
  41.25   57.50
  45.00   57.50
  48.75   57.50
  52.50   57.50
  56.25   57.50
  60.00   57.50
  63.75   57.50
  67.50   57.50
  71.25   57.50
  75.00   57.50
  78.75   57.50
  82.50   57.50
  86.25   57.50
  90.00   57.50
  93.75   57.50
  97.50   57.50
 101.25   57.50
 105.00   57.50
 108.75   57.50
 112.50   57.50
 116.25   57.50
 120.00   57.50
 123.75   57.50
 127.50   57.50
 131.25   57.50
 135.00   57.50
 138.75   57.50
 161.25   57.50
 225.00   57.50
 228.75   57.50
 232.50   57.50
 236.25   57.50
 240.00   57.50
 243.75   57.50
 247.50   57.50
 251.25   57.50
 255.00   57.50
 258.75   57.50
 262.50   57.50
 266.25   57.50
 285.00   57.50
 288.75   57.50
 292.50   57.50
 296.25   57.50
 356.25   57.50
  11.25   55.00
  22.50   55.00
  26.25   55.00
  30.00   55.00
  33.75   55.00
  37.50   55.00
  41.25   55.00
  45.00   55.00
  48.75   55.00
  52.50   55.00
  56.25   55.00
  60.00   55.00
  63.75   55.00
  67.50   55.00
  71.25   55.00
  75.00   55.00
  78.75   55.00
  82.50   55.00
  86.25   55.00
  90.00   55.00
  93.75   55.00
  97.50   55.00
 101.25   55.00
 105.00   55.00
 108.75   55.00
 112.50   55.00
 116.25   55.00
 120.00   55.00
 123.75   55.00
 127.50   55.00
 131.25   55.00
 135.00   55.00
 157.50   55.00
 161.25   55.00
 228.75   55.00
 232.50   55.00
 236.25   55.00
 240.00   55.00
 243.75   55.00
 247.50   55.00
 251.25   55.00
 255.00   55.00
 258.75   55.00
 262.50   55.00
 266.25   55.00
 270.00   55.00
 273.75   55.00
 285.00   55.00
 288.75   55.00
 292.50   55.00
 296.25   55.00
 300.00   55.00
 356.25   55.00
   0.00   52.50
   7.50   52.50
  11.25   52.50
  15.00   52.50
  18.75   52.50
  22.50   52.50
  26.25   52.50
  30.00   52.50
  33.75   52.50
  37.50   52.50
  41.25   52.50
  45.00   52.50
  48.75   52.50
  52.50   52.50
  56.25   52.50
  60.00   52.50
  63.75   52.50
  67.50   52.50
  71.25   52.50
  75.00   52.50
  78.75   52.50
  82.50   52.50
  86.25   52.50
  90.00   52.50
  93.75   52.50
  97.50   52.50
 101.25   52.50
 105.00   52.50
 108.75   52.50
 112.50   52.50
 116.25   52.50
 120.00   52.50
 123.75   52.50
 127.50   52.50
 131.25   52.50
 135.00   52.50
 138.75   52.50
 157.50   52.50
 232.50   52.50
 236.25   52.50
 240.00   52.50
 243.75   52.50
 247.50   52.50
 251.25   52.50
 255.00   52.50
 258.75   52.50
 262.50   52.50
 266.25   52.50
 270.00   52.50
 273.75   52.50
 277.50   52.50
 285.00   52.50
 288.75   52.50
 292.50   52.50
 296.25   52.50
 300.00   52.50
 303.75   52.50
 352.50   52.50
 356.25   52.50
   0.00   50.00
   3.75   50.00
   7.50   50.00
  11.25   50.00
  15.00   50.00
  18.75   50.00
  22.50   50.00
  26.25   50.00
  30.00   50.00
  33.75   50.00
  37.50   50.00
  41.25   50.00
  45.00   50.00
  48.75   50.00
  52.50   50.00
  56.25   50.00
  60.00   50.00
  63.75   50.00
  67.50   50.00
  71.25   50.00
  75.00   50.00
  78.75   50.00
  82.50   50.00
  86.25   50.00
  90.00   50.00
  93.75   50.00
  97.50   50.00
 101.25   50.00
 105.00   50.00
 108.75   50.00
 112.50   50.00
 116.25   50.00
 120.00   50.00
 123.75   50.00
 127.50   50.00
 131.25   50.00
 135.00   50.00
 138.75   50.00
 236.25   50.00
 240.00   50.00
 243.75   50.00
 247.50   50.00
 251.25   50.00
 255.00   50.00
 258.75   50.00
 262.50   50.00
 266.25   50.00
 270.00   50.00
 273.75   50.00
 277.50   50.00
 281.25   50.00
 285.00   50.00
 288.75   50.00
 292.50   50.00
 296.25   50.00
 300.00   50.00
 303.75   50.00
   0.00   47.50
   3.75   47.50
   7.50   47.50
  11.25   47.50
  15.00   47.50
  18.75   47.50
  22.50   47.50
  26.25   47.50
  30.00   47.50
  33.75   47.50
  37.50   47.50
  41.25   47.50
  45.00   47.50
  48.75   47.50
  52.50   47.50
  56.25   47.50
  60.00   47.50
  63.75   47.50
  67.50   47.50
  71.25   47.50
  75.00   47.50
  78.75   47.50
  82.50   47.50
  86.25   47.50
  90.00   47.50
  93.75   47.50
  97.50   47.50
 101.25   47.50
 105.00   47.50
 108.75   47.50
 112.50   47.50
 116.25   47.50
 120.00   47.50
 123.75   47.50
 127.50   47.50
 131.25   47.50
 135.00   47.50
 138.75   47.50
 236.25   47.50
 240.00   47.50
 243.75   47.50
 247.50   47.50
 251.25   47.50
 255.00   47.50
 258.75   47.50
 262.50   47.50
 266.25   47.50
 270.00   47.50
 277.50   47.50
 281.25   47.50
 285.00   47.50
 288.75   47.50
 292.50   47.50
 303.75   47.50
   0.00   45.00
   3.75   45.00
   7.50   45.00
  11.25   45.00
  15.00   45.00
  18.75   45.00
  22.50   45.00
  26.25   45.00
  41.25   45.00
  45.00   45.00
  52.50   45.00
  56.25   45.00
  60.00   45.00
  63.75   45.00
  67.50   45.00
  71.25   45.00
  75.00   45.00
  78.75   45.00
  82.50   45.00
  86.25   45.00
  90.00   45.00
  93.75   45.00
  97.50   45.00
 101.25   45.00
 105.00   45.00
 108.75   45.00
 112.50   45.00
 116.25   45.00
 120.00   45.00
 123.75   45.00
 127.50   45.00
 131.25   45.00
 135.00   45.00
 142.50   45.00
 236.25   45.00
 240.00   45.00
 243.75   45.00
 247.50   45.00
 251.25   45.00
 255.00   45.00
 258.75   45.00
 262.50   45.00
 266.25   45.00
 270.00   45.00
 281.25   45.00
 285.00   45.00
 288.75   45.00
 292.50   45.00
   0.00   42.50
  11.25   42.50
  18.75   42.50
  22.50   42.50
  26.25   42.50
  41.25   42.50
  45.00   42.50
  52.50   42.50
  56.25   42.50
  60.00   42.50
  63.75   42.50
  67.50   42.50
  71.25   42.50
  75.00   42.50
  78.75   42.50
  82.50   42.50
  86.25   42.50
  90.00   42.50
  93.75   42.50
  97.50   42.50
 101.25   42.50
 105.00   42.50
 108.75   42.50
 112.50   42.50
 116.25   42.50
 120.00   42.50
 123.75   42.50
 127.50   42.50
 131.25   42.50
 142.50   42.50
 236.25   42.50
 240.00   42.50
 243.75   42.50
 247.50   42.50
 251.25   42.50
 255.00   42.50
 258.75   42.50
 262.50   42.50
 266.25   42.50
 270.00   42.50
 273.75   42.50
 277.50   42.50
 281.25   42.50
 285.00   42.50
 288.75   42.50
 352.50   42.50
 356.25   42.50
   0.00   40.00
  22.50   40.00
  26.25   40.00
  30.00   40.00
  33.75   40.00
  37.50   40.00
  41.25   40.00
  45.00   40.00
  48.75   40.00
  56.25   40.00
  60.00   40.00
  63.75   40.00
  67.50   40.00
  71.25   40.00
  75.00   40.00
  78.75   40.00
  82.50   40.00
  86.25   40.00
  90.00   40.00
  93.75   40.00
  97.50   40.00
 101.25   40.00
 105.00   40.00
 108.75   40.00
 112.50   40.00
 116.25   40.00
 120.00   40.00
 123.75   40.00
 127.50   40.00
 142.50   40.00
 236.25   40.00
 240.00   40.00
 243.75   40.00
 247.50   40.00
 251.25   40.00
 255.00   40.00
 258.75   40.00
 262.50   40.00
 266.25   40.00
 270.00   40.00
 273.75   40.00
 277.50   40.00
 281.25   40.00
 285.00   40.00
 352.50   40.00
 356.25   40.00
  30.00   37.50
  33.75   37.50
  37.50   37.50
  41.25   37.50
  45.00   37.50
  48.75   37.50
  56.25   37.50
  60.00   37.50
  63.75   37.50
  67.50   37.50
  71.25   37.50
  75.00   37.50
  78.75   37.50
  82.50   37.50
  86.25   37.50
  90.00   37.50
  93.75   37.50
  97.50   37.50
 101.25   37.50
 105.00   37.50
 108.75   37.50
 112.50   37.50
 116.25   37.50
 127.50   37.50
 138.75   37.50
 240.00   37.50
 243.75   37.50
 247.50   37.50
 251.25   37.50
 255.00   37.50
 258.75   37.50
 262.50   37.50
 266.25   37.50
 270.00   37.50
 273.75   37.50
 277.50   37.50
 281.25   37.50
 352.50   37.50
 356.25   37.50
   0.00   35.00
   3.75   35.00
   7.50   35.00
  37.50   35.00
  41.25   35.00
  45.00   35.00
  48.75   35.00
  52.50   35.00
  56.25   35.00
  60.00   35.00
  63.75   35.00
  67.50   35.00
  71.25   35.00
  75.00   35.00
  78.75   35.00
  82.50   35.00
  86.25   35.00
  90.00   35.00
  93.75   35.00
  97.50   35.00
 101.25   35.00
 105.00   35.00
 108.75   35.00
 112.50   35.00
 116.25   35.00
 135.00   35.00
 138.75   35.00
 240.00   35.00
 243.75   35.00
 247.50   35.00
 251.25   35.00
 255.00   35.00
 258.75   35.00
 262.50   35.00
 266.25   35.00
 270.00   35.00
 273.75   35.00
 277.50   35.00
 281.25   35.00
 356.25   35.00
   0.00   32.50
   3.75   32.50
   7.50   32.50
  11.25   32.50
  37.50   32.50
  41.25   32.50
  45.00   32.50
  48.75   32.50
  52.50   32.50
  56.25   32.50
  60.00   32.50
  63.75   32.50
  67.50   32.50
  71.25   32.50
  75.00   32.50
  78.75   32.50
  82.50   32.50
  86.25   32.50
  90.00   32.50
  93.75   32.50
  97.50   32.50
 101.25   32.50
 105.00   32.50
 108.75   32.50
 112.50   32.50
 116.25   32.50
 120.00   32.50
 243.75   32.50
 247.50   32.50
 251.25   32.50
 255.00   32.50
 258.75   32.50
 262.50   32.50
 266.25   32.50
 270.00   32.50
 273.75   32.50
 277.50   32.50
 352.50   32.50
 356.25   32.50
   0.00   30.00
   3.75   30.00
   7.50   30.00
  11.25   30.00
  15.00   30.00
  18.75   30.00
  22.50   30.00
  26.25   30.00
  30.00   30.00
  33.75   30.00
  37.50   30.00
  41.25   30.00
  45.00   30.00
  52.50   30.00
  56.25   30.00
  60.00   30.00
  63.75   30.00
  67.50   30.00
  71.25   30.00
  75.00   30.00
  78.75   30.00
  82.50   30.00
  86.25   30.00
  90.00   30.00
  93.75   30.00
  97.50   30.00
 101.25   30.00
 105.00   30.00
 108.75   30.00
 112.50   30.00
 116.25   30.00
 120.00   30.00
 247.50   30.00
 251.25   30.00
 255.00   30.00
 258.75   30.00
 262.50   30.00
 266.25   30.00
 270.00   30.00
 273.75   30.00
 277.50   30.00
 352.50   30.00
 356.25   30.00
   0.00   27.50
   3.75   27.50
   7.50   27.50
  11.25   27.50
  15.00   27.50
  18.75   27.50
  22.50   27.50
  26.25   27.50
  30.00   27.50
  33.75   27.50
  37.50   27.50
  41.25   27.50
  45.00   27.50
  56.25   27.50
  60.00   27.50
  63.75   27.50
  67.50   27.50
  71.25   27.50
  75.00   27.50
  78.75   27.50
  82.50   27.50
  86.25   27.50
  90.00   27.50
  93.75   27.50
  97.50   27.50
 101.25   27.50
 105.00   27.50
 108.75   27.50
 112.50   27.50
 116.25   27.50
 120.00   27.50
 251.25   27.50
 255.00   27.50
 258.75   27.50
 262.50   27.50
 348.75   27.50
 352.50   27.50
 356.25   27.50
   0.00   25.00
   3.75   25.00
   7.50   25.00
  11.25   25.00
  15.00   25.00
  18.75   25.00
  22.50   25.00
  26.25   25.00
  30.00   25.00
  33.75   25.00
  37.50   25.00
  41.25   25.00
  45.00   25.00
  48.75   25.00
  52.50   25.00
  56.25   25.00
  67.50   25.00
  71.25   25.00
  75.00   25.00
  78.75   25.00
  82.50   25.00
  86.25   25.00
  90.00   25.00
  93.75   25.00
  97.50   25.00
 101.25   25.00
 105.00   25.00
 108.75   25.00
 112.50   25.00
 116.25   25.00
 255.00   25.00
 258.75   25.00
 262.50   25.00
 348.75   25.00
 352.50   25.00
 356.25   25.00
   0.00   22.50
   3.75   22.50
   7.50   22.50
  11.25   22.50
  15.00   22.50
  18.75   22.50
  22.50   22.50
  26.25   22.50
  30.00   22.50
  33.75   22.50
  41.25   22.50
  45.00   22.50
  48.75   22.50
  52.50   22.50
  56.25   22.50
  71.25   22.50
  75.00   22.50
  78.75   22.50
  82.50   22.50
  86.25   22.50
  90.00   22.50
  93.75   22.50
  97.50   22.50
 101.25   22.50
 105.00   22.50
 108.75   22.50
 112.50   22.50
 255.00   22.50
 258.75   22.50
 262.50   22.50
 281.25   22.50
 345.00   22.50
 348.75   22.50
 352.50   22.50
 356.25   22.50
   0.00   20.00
   3.75   20.00
   7.50   20.00
  11.25   20.00
  15.00   20.00
  18.75   20.00
  22.50   20.00
  26.25   20.00
  30.00   20.00
  33.75   20.00
  41.25   20.00
  45.00   20.00
  48.75   20.00
  52.50   20.00
  56.25   20.00
  75.00   20.00
  78.75   20.00
  82.50   20.00
  93.75   20.00
  97.50   20.00
 101.25   20.00
 105.00   20.00
 255.00   20.00
 258.75   20.00
 262.50   20.00
 270.00   20.00
 285.00   20.00
 288.75   20.00
 345.00   20.00
 348.75   20.00
 352.50   20.00
 356.25   20.00
   0.00   17.50
   3.75   17.50
   7.50   17.50
  11.25   17.50
  15.00   17.50
  18.75   17.50
  22.50   17.50
  26.25   17.50
  30.00   17.50
  33.75   17.50
  37.50   17.50
  45.00   17.50
  48.75   17.50
  52.50   17.50
  75.00   17.50
  78.75   17.50
  82.50   17.50
  97.50   17.50
 101.25   17.50
 105.00   17.50
 258.75   17.50
 262.50   17.50
 266.25   17.50
 270.00   17.50
 345.00   17.50
 348.75   17.50
 352.50   17.50
 356.25   17.50
   0.00   15.00
   3.75   15.00
   7.50   15.00
  11.25   15.00
  15.00   15.00
  18.75   15.00
  22.50   15.00
  26.25   15.00
  30.00   15.00
  33.75   15.00
  37.50   15.00
  45.00   15.00
  48.75   15.00
  75.00   15.00
  78.75   15.00
 101.25   15.00
 105.00   15.00
 108.75   15.00
 120.00   15.00
 270.00   15.00
 273.75   15.00
 345.00   15.00
 348.75   15.00
 352.50   15.00
 356.25   15.00
   0.00   12.50
   3.75   12.50
   7.50   12.50
  11.25   12.50
  15.00   12.50
  18.75   12.50
  22.50   12.50
  26.25   12.50
  30.00   12.50
  33.75   12.50
  37.50   12.50
  41.25   12.50
  45.00   12.50
  78.75   12.50
 101.25   12.50
 105.00   12.50
 108.75   12.50
 123.75   12.50
 273.75   12.50
 345.00   12.50
 348.75   12.50
 352.50   12.50
 356.25   12.50
   0.00   10.00
   3.75   10.00
   7.50   10.00
  11.25   10.00
  15.00   10.00
  18.75   10.00
  22.50   10.00
  26.25   10.00
  30.00   10.00
  33.75   10.00
  37.50   10.00
  41.25   10.00
  45.00   10.00
  48.75   10.00
  78.75   10.00
 101.25   10.00
 105.00   10.00
 123.75   10.00
 277.50   10.00
 285.00   10.00
 288.75   10.00
 292.50   10.00
 296.25   10.00
 348.75   10.00
 352.50   10.00
 356.25   10.00
   0.00    7.50
   3.75    7.50
   7.50    7.50
  11.25    7.50
  15.00    7.50
  18.75    7.50
  22.50    7.50
  26.25    7.50
  30.00    7.50
  33.75    7.50
  37.50    7.50
  41.25    7.50
  45.00    7.50
  48.75    7.50
 123.75    7.50
 281.25    7.50
 285.00    7.50
 288.75    7.50
 292.50    7.50
 296.25    7.50
 300.00    7.50
 348.75    7.50
 352.50    7.50
 356.25    7.50
   7.50    5.00
  11.25    5.00
  15.00    5.00
  18.75    5.00
  22.50    5.00
  26.25    5.00
  30.00    5.00
  33.75    5.00
  37.50    5.00
  41.25    5.00
  45.00    5.00
 101.25    5.00
 116.25    5.00
 285.00    5.00
 288.75    5.00
 292.50    5.00
 296.25    5.00
 300.00    5.00
 303.75    5.00
 352.50    5.00
 356.25    5.00
  11.25    2.50
  15.00    2.50
  18.75    2.50
  22.50    2.50
  26.25    2.50
  30.00    2.50
  33.75    2.50
  37.50    2.50
  41.25    2.50
  45.00    2.50
 101.25    2.50
 112.50    2.50
 116.25    2.50
 285.00    2.50
 288.75    2.50
 292.50    2.50
 296.25    2.50
 300.00    2.50
 303.75    2.50
 307.50    2.50
  11.25    0.00
  15.00    0.00
  18.75    0.00
  22.50    0.00
  26.25    0.00
  30.00    0.00
  33.75    0.00
  37.50    0.00
  41.25    0.00
 101.25    0.00
 112.50    0.00
 116.25    0.00
 281.25    0.00
 285.00    0.00
 288.75    0.00
 292.50    0.00
 296.25    0.00
 300.00    0.00
 303.75    0.00
 307.50    0.00
  11.25   -2.50
  15.00   -2.50
  18.75   -2.50
  22.50   -2.50
  26.25   -2.50
  30.00   -2.50
  33.75   -2.50
  37.50   -2.50
 101.25   -2.50
 105.00   -2.50
 112.50   -2.50
 116.25   -2.50
 120.00   -2.50
 138.75   -2.50
 281.25   -2.50
 285.00   -2.50
 288.75   -2.50
 292.50   -2.50
 296.25   -2.50
 300.00   -2.50
 303.75   -2.50
 307.50   -2.50
 311.25   -2.50
 315.00   -2.50
  15.00   -5.00
  18.75   -5.00
  22.50   -5.00
  26.25   -5.00
  30.00   -5.00
  33.75   -5.00
  37.50   -5.00
 105.00   -5.00
 138.75   -5.00
 142.50   -5.00
 281.25   -5.00
 285.00   -5.00
 288.75   -5.00
 292.50   -5.00
 296.25   -5.00
 300.00   -5.00
 303.75   -5.00
 307.50   -5.00
 311.25   -5.00
 315.00   -5.00
 318.75   -5.00
 322.50   -5.00
  15.00   -7.50
  18.75   -7.50
  22.50   -7.50
  26.25   -7.50
  30.00   -7.50
  33.75   -7.50
  37.50   -7.50
 142.50   -7.50
 146.25   -7.50
 281.25   -7.50
 285.00   -7.50
 288.75   -7.50
 292.50   -7.50
 296.25   -7.50
 300.00   -7.50
 303.75   -7.50
 307.50   -7.50
 311.25   -7.50
 315.00   -7.50
 318.75   -7.50
 322.50   -7.50
  15.00  -10.00
  18.75  -10.00
  22.50  -10.00
  26.25  -10.00
  30.00  -10.00
  33.75  -10.00
  37.50  -10.00
 285.00  -10.00
 288.75  -10.00
 292.50  -10.00
 296.25  -10.00
 300.00  -10.00
 303.75  -10.00
 307.50  -10.00
 311.25  -10.00
 315.00  -10.00
 318.75  -10.00
 322.50  -10.00
  15.00  -12.50
  18.75  -12.50
  22.50  -12.50
  26.25  -12.50
  30.00  -12.50
  33.75  -12.50
  37.50  -12.50
 135.00  -12.50
 285.00  -12.50
 288.75  -12.50
 292.50  -12.50
 296.25  -12.50
 300.00  -12.50
 303.75  -12.50
 307.50  -12.50
 311.25  -12.50
 315.00  -12.50
 318.75  -12.50
  15.00  -15.00
  18.75  -15.00
  22.50  -15.00
  26.25  -15.00
  30.00  -15.00
  33.75  -15.00
  37.50  -15.00
  48.75  -15.00
 127.50  -15.00
 131.25  -15.00
 135.00  -15.00
 142.50  -15.00
 285.00  -15.00
 288.75  -15.00
 292.50  -15.00
 296.25  -15.00
 300.00  -15.00
 303.75  -15.00
 307.50  -15.00
 311.25  -15.00
 315.00  -15.00
 318.75  -15.00
  15.00  -17.50
  18.75  -17.50
  22.50  -17.50
  26.25  -17.50
  30.00  -17.50
  33.75  -17.50
  37.50  -17.50
  48.75  -17.50
 123.75  -17.50
 127.50  -17.50
 131.25  -17.50
 135.00  -17.50
 138.75  -17.50
 142.50  -17.50
 288.75  -17.50
 292.50  -17.50
 296.25  -17.50
 300.00  -17.50
 303.75  -17.50
 307.50  -17.50
 311.25  -17.50
 315.00  -17.50
 318.75  -17.50
  15.00  -20.00
  18.75  -20.00
  22.50  -20.00
  26.25  -20.00
  30.00  -20.00
  33.75  -20.00
  48.75  -20.00
 123.75  -20.00
 127.50  -20.00
 131.25  -20.00
 135.00  -20.00
 138.75  -20.00
 142.50  -20.00
 146.25  -20.00
 292.50  -20.00
 296.25  -20.00
 300.00  -20.00
 303.75  -20.00
 307.50  -20.00
 311.25  -20.00
 315.00  -20.00
 318.75  -20.00
  15.00  -22.50
  18.75  -22.50
  22.50  -22.50
  26.25  -22.50
  30.00  -22.50
  33.75  -22.50
  45.00  -22.50
 116.25  -22.50
 120.00  -22.50
 123.75  -22.50
 127.50  -22.50
 131.25  -22.50
 135.00  -22.50
 138.75  -22.50
 142.50  -22.50
 146.25  -22.50
 150.00  -22.50
 292.50  -22.50
 296.25  -22.50
 300.00  -22.50
 303.75  -22.50
 307.50  -22.50
 311.25  -22.50
 315.00  -22.50
  15.00  -25.00
  18.75  -25.00
  22.50  -25.00
  26.25  -25.00
  30.00  -25.00
  33.75  -25.00
  45.00  -25.00
 116.25  -25.00
 120.00  -25.00
 123.75  -25.00
 127.50  -25.00
 131.25  -25.00
 135.00  -25.00
 138.75  -25.00
 142.50  -25.00
 146.25  -25.00
 150.00  -25.00
 292.50  -25.00
 296.25  -25.00
 300.00  -25.00
 303.75  -25.00
 307.50  -25.00
 311.25  -25.00
  18.75  -27.50
  22.50  -27.50
  26.25  -27.50
  30.00  -27.50
 116.25  -27.50
 120.00  -27.50
 123.75  -27.50
 127.50  -27.50
 131.25  -27.50
 135.00  -27.50
 138.75  -27.50
 142.50  -27.50
 146.25  -27.50
 150.00  -27.50
 292.50  -27.50
 296.25  -27.50
 300.00  -27.50
 303.75  -27.50
 307.50  -27.50
 311.25  -27.50
  18.75  -30.00
  22.50  -30.00
  26.25  -30.00
  30.00  -30.00
 116.25  -30.00
 120.00  -30.00
 123.75  -30.00
 127.50  -30.00
 131.25  -30.00
 135.00  -30.00
 138.75  -30.00
 142.50  -30.00
 146.25  -30.00
 150.00  -30.00
 288.75  -30.00
 292.50  -30.00
 296.25  -30.00
 300.00  -30.00
 303.75  -30.00
 307.50  -30.00
  18.75  -32.50
  22.50  -32.50
  26.25  -32.50
 116.25  -32.50
 120.00  -32.50
 123.75  -32.50
 135.00  -32.50
 138.75  -32.50
 142.50  -32.50
 146.25  -32.50
 150.00  -32.50
 288.75  -32.50
 292.50  -32.50
 296.25  -32.50
 300.00  -32.50
 303.75  -32.50
 307.50  -32.50
 138.75  -35.00
 142.50  -35.00
 146.25  -35.00
 150.00  -35.00
 288.75  -35.00
 292.50  -35.00
 296.25  -35.00
 300.00  -35.00
 303.75  -35.00
 142.50  -37.50
 146.25  -37.50
 288.75  -37.50
 292.50  -37.50
 296.25  -37.50
 300.00  -37.50
 176.25  -40.00
 288.75  -40.00
 292.50  -40.00
 296.25  -40.00
 172.50  -42.50
 288.75  -42.50
 292.50  -42.50
 168.75  -45.00
 288.75  -45.00
 292.50  -45.00
 288.75  -47.50
 292.50  -47.50
 288.75  -50.00
 288.75  -52.50
 292.50  -55.00
